1749896547316 24.70876456177191 0
1749896598353 34.15829208539573 1
1749896648637 39.16304184790761 2
1749896698950 42.55287235638218 3
1749896749726 44.15779211039448 4
1749896800062 45.492725363731815 5
1749896850656 46.252687365631715 6
1749896901306 47.47262636868157 7
1749896951368 49.02254887255637 8
1749897001478 49.712514374281284 9
1749897051694 50.697465126743666 10
1749897101029 50.70746462676866 11
1749897151332 52.50237488125594 12
1749897201725 53.707314634268286 13
1749897252155 54.687265636718166 14
1749897302560 55.49722513874306 15
1749897353560 55.967201639918 16
1749897403826 57.41212939353032 17
1749897454746 58.17209139543023 18
1749897505099 58.68206589670516 19
1749897555081 59.32203389830509 20
1749897604998 59.33203339833008 21
1749897654854 60.21198940052997 22
1749897705144 60.0469976501175 23
1749897755469 60.7569621518924 24
1749897805454 61.5819209039548 25
1749897856275 62.22688865556722 26
1749897906895 62.676866156692164 27
1749897957505 62.74186290685466 28
1749898007801 63.36183190840458 29
1749898058196 63.83680815959202 30
1749898108325 64.10179491025448 31
1749898158602 64.35678216089195 32
1749898208336 64.51177441127943 33
1749898259100 64.98675066246687 34
1749898308500 65.14174291285435 35
1749898357829 65.76171191440427 36
1749898410271 65.96170191490425 37
1749898460012 66.4816759162042 38
1749898510525 68.31158442077896 39
1749898561446 68.92655367231639 40
1749898611964 68.92155392230389 41
1749898662582 69.30653467326634 42
1749898712939 69.84150792460377 43
1749898763750 70.27148642567872 44
1749898814634 70.56147192640368 45
1749898864574 71.30643467826609 46
1749898915021 71.80640967951602 47
1749898965530 71.956402179891 48
1749899015520 72.09639518024099 49
1749899065435 72.55637218139093 50
1749899116793 73.14134293285336 51
1749899166757 73.09134543272836 52
1749899216900 73.21133943302834 53
1749899267521 73.89630518474077 54
1749899316935 73.5713214339283 55
1749899367296 74.04629768511575 56
1749899417844 74.15129243537824 57
1749899468292 74.46627668616568 58
1749899518892 74.77126143692816 59
1749899571307 74.60626968651567 60
1749899621610 74.60126993650317 61
1749899672081 74.83125843707815 62
1749899723225 75.1912404379781 63
1749899773070 74.93625318734064 64
1749899822985 74.67626618669067 65
1749899873708 75.15624218789061 66
1749899923660 75.47122643867807 67
1749899974139 75.2512374381281 68
1749900025040 75.22123893805309 69
1749900074622 75.02124893755312 70
1749900124517 75.47622618869056 71
1749900175289 75.38623068846557 72
1749900225893 75.29623518824059 73
1749900276513 75.00624968751562 74
1749900326606 75.12124393780311 75
1749900376740 75.2412379381031 76
1749900427385 74.98125093745313 77
1749900477845 75.11624418779061 78
1749900527795 75.2312384380781 79
1749900578318 75.62621868906555 80
1749900628454 75.25623718814059 81
1749900678571 75.35123243837808 82
1749900728801 75.55122243887806 83
1749900779916 75.75121243937804 84
1749900829757 75.49122543872807 85
1749900880354 75.25623718814059 86
1749900931409 75.2012399380031 87
1749900981224 75.78621068946552 88
1749901031172 75.65621718914055 89
1749901081724 75.80120993950302 90
1749901131790 75.41122943852807 91
1749901181726 75.77121143942803 92
1749901232496 75.48622568871556 93
1749901282150 75.2462376881156 94
1749901331893 75.47122643867807 95
1749901382295 75.1912404379781 96
1749901432866 75.78121093945303 97
1749901483637 75.67621618919054 98
1749901533751 75.1762411879406 99
1749901583644 75.87120643967802 100
1749901633618 75.62621868906555 101
1749901683138 74.99125043747813 102
1749901732634 75.52122393880306 103
1749901782460 75.41622918854057 104
1749901833308 75.61621918904055 105
1749901883027 75.2312384380781 106
1749901932574 75.93120343982801 107
1749901983286 75.52622368881556 108
1749902033841 75.39623018849058 109
1749902083910 75.03124843757813 110
1749902134529 75.65621718914055 111
1749902184490 75.69621518924053 112
1749902234754 75.77621118944053 113
1749902285395 76.031198440078 114
1749902335598 75.32623368831558 115
1749902385252 75.25623718814059 116
1749902435784 75.78121093945303 117
1749902484786 75.47622618869056 118
1749902534383 75.09124543772812 119
1749902585444 75.38623068846557 120
1749902635962 75.61121943902805 121
1749902686214 75.46122693865307 122
1749902736523 74.94125293735313 123
1749902787288 75.65621718914055 124
1749902837409 75.40122993850308 125
1749902888627 75.49122543872807 126
1749902938304 75.58122093895305 127
1749902988210 75.65621718914055 128
1749903039084 75.67121643917804 129
1749903089761 76.04619769011549 130
1749903139740 75.30623468826559 131
1749903189694 75.71121443927804 132
1749903239460 75.2412379381031 133
1749903290254 75.70621468926554 134
1749903340884 75.38123093845307 135
1749903394687 75.50622468876556 136
1749903446766 75.2012399380031 137
1749903497053 75.2412379381031 138
1749903547186 75.31123443827809 139
1749903597847 75.28623568821558 140
1749903648363 75.62621868906555 141
1749903697795 75.66621668916554 142
1749903748702 74.96625168741564 143
1749903799229 75.47122643867807 144
1749903849360 75.53622318884055 145
1749903899618 75.51122443877806 146
1749903949921 75.59122043897806 147
1749904000923 75.45622718864057 148
1749904051332 75.34123293835309 149
1749904101247 75.71621418929054 150
1749904151659 75.25623718814059 151
1749904201970 75.49622518874057 152
1749904252585 75.52622368881556 153
1749904302440 75.51122443877806 154
1749904353474 75.68621568921554 155
1749904404336 75.37623118844058 156
1749904454872 75.15124243787811 157
1749904504706 75.76621168941553 158
1749904554765 74.95625218739063 159
1749904604858 75.46622668866557 160
1749904654867 75.62121893905305 161
1749904705320 75.63621818909054 162
1749904755453 75.84620768961553 163
1749904805232 75.59122043897806 164
1749904855420 75.96620168991551 165
1749904905391 75.83120843957802 166
1749904955514 75.52122393880306 167
1749905005805 75.47622618869056 168
1749905056797 75.93120343982801 169
1749905107675 75.28623568821558 170
1749905157769 75.44622768861556 171
1749905208234 75.84120793960302 172
1749905258427 75.43122843857807 173
1749905309120 75.54622268886556 174
1749905359269 75.60121993900304 175
1749905408943 75.29123543822809 176
1749905459550 75.33123343832808 177
1749905509096 75.68121593920304 178
1749905559620 75.74121293935303 179
1749905610043 75.77621118944053 180
1749905659863 75.39623018849058 181
1749905710458 75.49622518874057 182
1749905760687 75.46122693865307 183
1749905810111 75.64621768911555 184
1749905860247 75.42622868856557 185
1749905910147 75.67121643917804 186
1749905960625 75.56122193890306 187
1749906012116 75.2762361881906 188
1749906062466 75.52122393880306 189
1749906112212 75.51122443877806 190
1749906163127 75.53622318884055 191
1749906213110 75.81120943952803 192
1749906263330 75.35123243837808 193
1749906313285 75.26123693815309 194
1749906363415 75.08624568771562 195
1749906413431 75.80620968951553 196
1749906463463 75.44122793860306 197
1749906512715 75.62121893905305 198
1749906562786 75.35123243837808 199
1749906612693 75.57622118894055 200
1749906662645 75.78621068946552 201
1749906713101 75.85620718964051 202
1749906763723 75.54122293885305 203
1749906814055 75.29123543822809 204
1749906863721 75.53122343882806 205
1749906914466 75.55122243887806 206
1749906965430 74.96625168741564 207
1749907016080 75.2012399380031 208
1749907065945 74.82625868706565 209
1749907115204 75.2312384380781 210
1749907165564 75.76621168941553 211
1749907216819 75.64121793910304 212
1749907267538 75.36123193840308 213
1749907317201 76.001199940003 214
1749907369328 75.77621118944053 215
1749907419513 75.58622068896555 216
1749907469344 75.38623068846557 217
1749907519716 75.50622468876556 218
1749907570387 75.42122893855307 219
1749907620124 75.45622718864057 220
1749907669765 75.30123493825309 221
1749907719246 75.47622618869056 222
1749907769400 75.67621618919054 223
1749907820189 75.39623018849058 224
1749907869970 75.22623868806559 225
1749907919866 75.40622968851558 226
1749907970347 75.31123443827809 227
1749908020319 75.68621568921554 228
1749908069907 75.03624818759062 229
1749908120329 75.64621768911555 230
1749908170025 75.69621518924053 231
1749908220538 75.52122393880306 232
1749908271312 75.33623318834059 233
1749908321893 75.62121893905305 234
1749908372086 75.2812359382031 235
1749908422387 75.72621368931553 236
1749908472593 75.82620868956552 237
1749908522856 75.89620518974051 238
1749908573419 75.43122843857807 239
1749908624342 75.03624818759062 240
1749908675289 75.45122743862807 241
1749908725834 75.72121393930304 242
1749908778633 75.63621818909054 243
1749908828850 75.60121993900304 244
1749908879205 75.68621568921554 245
1749908929743 75.87620618969052 246
1749908979472 75.53122343882806 247
1749909030007 75.30623468826559 248
1749909080519 75.54122293885305 249
1749909130599 75.1962401879906 250
1749909181414 75.75621218939052 251
1749909231280 75.51122443877806 252
1749909282004 75.57122143892805 253
1749909333043 75.97120143992801 254
1749909383184 75.61121943902805 255
1749909433208 75.58622068896555 256
1749909484095 75.75121243937804 257
1749909534789 75.2462376881156 258
1749909584978 75.37623118844058 259
1749909630929 75.72121393930304 260
1749909681644 75.68621568921554 261
1749909731170 75.52622368881556 262
1749909781827 75.65121743912805 263
1749909832153 75.44122793860306 264
1749909882804 75.54122293885305 265
1749909933368 75.54622268886556 266
1749909983689 76.27618619069047 267
1749910033736 75.42122893855307 268
1749910083814 75.76621168941553 269
1749910134831 75.1962401879906 270
1749910185958 75.63621818909054 271
1749910236121 75.12124393780311 272
1749910286044 75.15624218789061 273
1749910336224 75.67121643917804 274
1749910386423 75.60621968901555 275
1749910436282 75.07624618769061 276
1749910486629 75.54622268886556 277
1749910537386 75.47622618869056 278
1749910587621 75.97120143992801 279
1749910637751 75.83120843957802 280
1749910688307 75.64121793910304 281
1749910738480 75.65121743912805 282
1749910788505 76.18619069046548 283
1749910838836 75.11624418779061 284
1749910889002 75.61121943902805 285
1749910939127 75.50122493875307 286
1749910989722 75.80120993950302 287
1749911039871 75.36123193840308 288
1749911090206 75.9162041897905 289
1749911140085 75.62121893905305 290
1749911191152 75.76121193940303 291
1749911242119 75.34623268836557 292
1749911292531 75.82120893955302 293
1749911342502 75.50622468876556 294
1749911392927 75.97120143992801 295
1749911443831 75.2162391880406 296
1749911494042 75.30123493825309 297
1749911544793 75.35123243837808 298
1749911595078 75.57122143892805 299
1749911645813 75.75121243937804 300
1749911695839 75.30623468826559 301
1749911746489 75.70621468926554 302
1749911797179 75.69121543922805 303
1749911847918 75.46622668866557 304
1749911897967 75.61621918904055 305
1749911947957 75.88120593970301 306
1749911998141 75.63621818909054 307
1749912047976 75.87120643967802 308
1749912097945 75.52122393880306 309
1749912149572 75.43122843857807 310
1749912200449 75.56122193890306 311
1749912250424 75.47622618869056 312
1749912301034 75.61121943902805 313
1749912351205 75.53122343882806 314
1749912401772 75.38123093845307 315
1749912452108 75.2012399380031 316
1749912502042 75.46622668866557 317
1749912551800 75.45122743862807 318
1749912601456 75.51622418879056 319
1749912651038 75.55622218889056 320
1749912701842 75.59622018899056 321
1749912752364 75.50622468876556 322
1749912803523 75.69121543922805 323
1749912854391 75.09124543772812 324
1749912904902 75.67621618919054 325
1749912955806 75.59622018899056 326
1749913006258 75.43622818859058 327
1749913056709 75.48622568871556 328
1749913107037 75.88620568971551 329
1749913157271 75.45122743862807 330
1749913208807 75.2762361881906 331
1749913258673 76.031198440078 332
1749913308741 75.2712364381781 333
1749913359170 74.91125443727813 334
1749913409427 75.72621368931553 335
1749913459375 75.35123243837808 336
1749913509774 75.69621518924053 337
1749913560098 75.70121493925303 338
1749913611304 75.71121443927804 339
1749913661443 75.71121443927804 340
1749913711545 75.1262436878156 341
1749913761713 75.35623218839058 342
1749913812395 75.60121993900304 343
1749913862287 75.32623368831558 344
1749913912550 75.61621918904055 345
1749913964282 75.49122543872807 346
1749914014314 75.41622918854057 347
1749914064666 75.53622318884055 348
1749914114104 75.66621668916554 349
1749914164251 75.48622568871556 350
1749914215204 75.86620668966552 351
1749914265623 75.42122893855307 352
1749914314914 74.98125093745313 353
1749914365685 75.57122143892805 354
1749914415512 75.43622818859058 355
1749914465747 75.75621218939052 356
1749914515871 75.65621718914055 357
1749914566634 75.67121643917804 358
1749914616912 75.2162391880406 359
1749914664482 75.2012399380031 360
1749914709903 76.30118494075296 361
1749914756285 75.40622968851558 362
1749914801420 75.75621218939052 363
1749914846981 75.54122293885305 364
1749914892744 75.29623518824059 365
1749914937638 75.44622768861556 366
1749914982847 75.34123293835309 367
1749915028392 75.55122243887806 368
1749915074046 75.70121493925303 369
1749915119033 75.53622318884055 370
1749915164705 75.36623168841558 371
1749915210213 75.53622318884055 372
1749915255708 75.41622918854057 373
1749915301788 75.45122743862807 374
1749915347304 75.29623518824059 375
1749915392681 75.64121793910304 376
1749915438031 75.59122043897806 377
1749915484531 75.32123393830308 378
1749915529789 75.63621818909054 379
1749915574865 75.54122293885305 380
1749915620502 75.74121293935303 381
1749915666098 75.47122643867807 382
1749915711776 75.34123293835309 383
1749915757454 75.29123543822809 384
1749915802731 75.54622268886556 385
1749915848188 75.76621168941553 386
1749915893302 75.51622418879056 387
1749915938748 75.71621418929054 388
1749915983973 75.78121093945303 389
1749916028947 75.47622618869056 390
1749916074825 75.47122643867807 391
1749916119849 75.31123443827809 392
1749916164971 75.58122093895305 393
1749916210795 75.25623718814059 394
1749916256429 75.56122193890306 395
1749916302133 75.9762011899405 396
1749916347899 75.39123043847808 397
1749916393011 75.58622068896555 398
1749916438381 75.31623418829058 399
1749916483468 75.47622618869056 400
1749916528709 75.44622768861556 401
1749916574480 75.2512374381281 402
1749916620101 75.52622368881556 403
1749916667086 75.77621118944053 404
1749916712853 75.22123893805309 405
1749916758439 75.77121143942803 406
1749916804984 75.75121243937804 407
1749916850668 75.59622018899056 408
1749916895428 75.44122793860306 409
1749916940879 75.69121543922805 410
1749916986033 75.58122093895305 411
1749917031173 75.41622918854057 412
1749917076354 75.56122193890306 413
1749917121684 75.71621418929054 414
1749917166549 75.64621768911555 415
1749917211677 76.12619369031549 416
1749917257031 75.38623068846557 417
1749917302476 75.47622618869056 418
1749917347549 75.73621318934053 419
1749917392595 75.37623118844058 420
1749917438466 75.75621218939052 421
1749917483849 75.57622118894055 422
1749917529158 75.37623118844058 423
1749917574501 75.37123143842808 424
1749917619766 75.51622418879056 425
1749917665818 75.59622018899056 426
1749917713461 75.1912404379781 427
1749917758955 75.79121043947802 428
1749917803915 75.66121693915304 429
1749917850385 75.53622318884055 430
1749917895416 75.46622668866557 431
1749917941133 75.61121943902805 432
1749917986633 75.68621568921554 433
1749918032152 75.42122893855307 434
1749918078398 75.52622368881556 435
1749918124613 75.44122793860306 436
1749918170450 75.52622368881556 437
1749918215691 75.86120693965302 438
1749918260782 75.73121343932803 439
1749918307250 75.74621268936554 440
1749918352839 75.10624468776561 441
1749918398348 75.73121343932803 442
1749918443837 75.69121543922805 443
1749918489328 75.75621218939052 444
1749918534615 75.45122743862807 445
1749918580426 75.39623018849058 446
1749918625545 75.54122293885305 447
1749918670788 75.40622968851558 448
1749918716363 76.001199940003 449
1749918761618 75.80120993950302 450
1749918806756 75.40622968851558 451
1749918852269 75.31623418829058 452
1749918897212 75.56122193890306 453
1749918943204 75.29623518824059 454
1749918989256 75.2462376881156 455
1749919034974 75.60621968901555 456
1749919080748 75.84620768961553 457
1749919126428 75.26623668816559 458
1749919171764 75.34623268836557 459
1749919217753 75.32623368831558 460
1749919263095 75.56122193890306 461
1749919308108 75.52622368881556 462
1749919353285 75.64121793910304 463
1749919398642 75.2412379381031 464
1749919444565 75.45622718864057 465
1749919489384 74.94125293735313 466
1749919535644 75.42622868856557 467
1749919580835 75.66121693915304 468
1749919625408 75.43622818859058 469
1749919671026 75.78621068946552 470
1749919715956 75.43622818859058 471
1749919761702 75.36123193840308 472
1749919807481 75.84620768961553 473
1749919853261 75.1912404379781 474
1749919898397 75.11124443777811 475
1749919944291 75.54122293885305 476
1749919989373 75.34623268836557 477
1749920034720 75.33623318834059 478
1749920079937 75.73621318934053 479
1749920125342 74.77626118694066 480
1749920170126 75.57122143892805 481
1749920215355 75.81120943952803 482
1749920261319 75.60121993900304 483
1749920306407 75.74121293935303 484
1749920352156 75.62621868906555 485
1749920398134 75.60621968901555 486
1749920444223 75.38123093845307 487
1749920490040 75.46122693865307 488
1749920535040 75.61621918904055 489
1749920580787 75.45622718864057 490
1749920625901 75.94120293985301 491
1749920671803 75.73121343932803 492
1749920716793 75.70121493925303 493
1749920762388 75.42622868856557 494
1749920795736 75.51622418879056 495
1749920824963 75.34123293835309 496
1749920871046 74.99625018749063 497
1749920917073 75.2412379381031 498
1749920963233 75.38623068846557 499
1749896547316 24.70876456177191 0
