1749896547284 1.8418128882686553 0
1749896598306 1.651794515116907 1
1749896648610 1.5452590020738803 2
1749896698897 1.4778803906186355 3
1749896749686 1.4354450341004334 4
1749896800013 1.3991522322916448 5
1749896850614 1.3949836161332 6
1749896901273 1.34867127378129 7
1749896951305 1.3253811496024452 8
1749897001451 1.3087501283717342 9
1749897051654 1.2925452955495917 10
1749897100993 1.2781245885720927 11
1749897151273 1.2600510953861526 12
1749897201695 1.226063550653997 13
1749897252101 1.2035190007023964 14
1749897302506 1.1786955558897871 15
1749897353502 1.1565510793141345 16
1749897403780 1.1307584002787612 17
1749897454700 1.1172503406292473 18
1749897505041 1.09828743628249 19
1749897555023 1.0840021248465985 20
1749897604935 1.0710516844383327 21
1749897654809 1.0550158323898808 22
1749897705102 1.0394045008605053 23
1749897755419 1.0369961909559762 24
1749897805413 1.0154167538159824 25
1749897856231 1.0085279715966537 26
1749897906855 0.9896775488555208 27
1749897957437 0.9846479768818852 28
1749898007754 0.9766043466923505 29
1749898058169 0.9623366591468596 30
1749898108268 0.9600647785003099 31
1749898158420 0.9504097187306295 32
1749898208290 0.9376589649826591 33
1749898259028 0.9264341111210039 34
1749898308462 0.9240524733068347 35
1749898357734 0.9120438326898739 36
1749898410224 0.9048515500011971 37
1749898459959 0.8978811697950125 38
1749898510489 0.8529918653062866 39
1749898561398 0.8284195288378777 40
1749898611938 0.8281700051633676 41
1749898662527 0.8176925733538725 42
1749898712900 0.7984855812396651 43
1749898763687 0.7955256180878634 44
1749898814565 0.7740580682354947 45
1749898864509 0.7629491605315707 46
1749898914977 0.7517287369477952 47
1749898965486 0.7453495145505634 48
1749899015475 0.7361941443199599 49
1749899065390 0.7321287597973856 50
1749899116755 0.7170040944050932 51
1749899166708 0.714491090514196 52
1749899216856 0.7050238074758555 53
1749899267472 0.6990685593933769 54
1749899316898 0.7021929321058226 55
1749899367257 0.6964530026422168 56
1749899417795 0.6866446544775862 57
1749899468238 0.6824269214991742 58
1749899518854 0.6790670939108341 59
1749899571269 0.6813299879539753 60
1749899621525 0.6804080543610568 61
1749899672014 0.6766432783829082 62
1749899723187 0.6690955915800793 63
1749899773026 0.6742331377998375 64
1749899822940 0.6754939368525587 65
1749899873665 0.6675533971149364 66
1749899923609 0.6568760343220441 67
1749899974072 0.6689505512836807 68
1749900025004 0.6594225113983184 69
1749900074590 0.6682500789168 70
1749900124470 0.6598638992811178 71
1749900175245 0.668675941995642 72
1749900225846 0.6600962310925503 73
1749900276475 0.6666210191716886 74
1749900326547 0.6612792073261808 75
1749900376681 0.6603649448113355 76
1749900427342 0.6654594972141862 77
1749900477802 0.6594203682364442 78
1749900527748 0.658113390971682 79
1749900578276 0.6559976804173593 80
1749900628398 0.658186987253268 81
1749900678514 0.6586114488526063 82
1749900728766 0.6575065869330454 83
1749900779873 0.6608112502159026 84
1749900829707 0.6578339049385405 85
1749900880310 0.6626518408222012 86
1749900931354 0.6628027003702149 87
1749900981177 0.6525355669672648 88
1749901031130 0.6508102770181409 89
1749901081700 0.654542419226323 90
1749901131760 0.656317015438281 91
1749901181674 0.6522678520697534 92
1749901232455 0.6535824433913034 93
1749901282094 0.6554451482271315 94
1749901331857 0.656240871165053 95
1749901382232 0.6570840263347627 96
1749901432808 0.6504951833531877 97
1749901483598 0.6600536311556653 98
1749901533711 0.6583293511518138 99
1749901583600 0.6505790638428802 100
1749901633571 0.6570973224410068 101
1749901683097 0.6631044756262954 102
1749901732582 0.6596800287177185 103
1749901782407 0.6541675432974873 104
1749901833277 0.6494708902316954 105
1749901882985 0.6588246867743845 106
1749901932515 0.6494237862135862 107
1749901983246 0.660274866231009 108
1749902033798 0.652788688031371 109
1749902083861 0.6568362450076368 110
1749902134488 0.6569375457790373 111
1749902184421 0.6505249447136794 112
1749902234718 0.649834187891511 113
1749902285331 0.6458663885059741 114
1749902335547 0.666538186481205 115
1749902385204 0.6556007997148436 116
1749902435715 0.6518293434546713 117
1749902484705 0.6633819090021318 118
1749902534334 0.6572479846554872 119
1749902585420 0.6596473966036539 120
1749902635901 0.6468881983396011 121
1749902686171 0.6583144139882344 122
1749902736485 0.6588402419014339 123
1749902787251 0.6533100240904417 124
1749902837328 0.6587938200705683 125
1749902888587 0.652010467855771 126
1749902938264 0.6504508689501114 127
1749902988164 0.6601875016873588 128
1749903039025 0.6511793389665348 129
1749903089720 0.6513266802292015 130
1749903139700 0.656526956818806 131
1749903189647 0.6537165310741423 132
1749903239375 0.6611935366308298 133
1749903290215 0.6526383987158234 134
1749903340828 0.654752645495355 135
1749903394647 0.6505907416897985 136
1749903446698 0.6647294999408659 137
1749903497003 0.6540952041133524 138
1749903547146 0.6589185693572029 139
1749903597798 0.6566584977382278 140
1749903648326 0.659457303388054 141
1749903697750 0.6556088235531918 142
1749903748660 0.6628413821338361 143
1749903799198 0.6574964391953361 144
1749903849286 0.6555944327848934 145
1749903899575 0.6575583792180992 146
1749903949879 0.6573915862362418 147
1749904000863 0.6595209979735627 148
1749904051283 0.6609123403397472 149
1749904101168 0.6523815793553851 150
1749904151607 0.6550685291701296 151
1749904201932 0.6579460994576605 152
1749904252508 0.6514357813050953 153
1749904302393 0.6488718585988044 154
1749904353431 0.6522671995261425 155
1749904404275 0.6542503614462701 156
1749904454794 0.6587526039340295 157
1749904504659 0.6494101634097572 158
1749904554706 0.6648459896438942 159
1749904604815 0.6532483398571628 160
1749904654830 0.6513511836152542 161
1749904705274 0.6530970493010727 162
1749904755374 0.653794684908842 163
1749904805179 0.6535067887051357 164
1749904855376 0.6469833165538305 165
1749904905329 0.6579456440979621 166
1749904955468 0.660798852529879 167
1749905005749 0.653942970661907 168
1749905056750 0.6519818454869097 169
1749905107629 0.6589749557996629 170
1749905157715 0.6497148688571357 171
1749905208199 0.6518073815368699 172
1749905258382 0.6549165987901691 173
1749905309053 0.6527506310333878 174
1749905359222 0.6599708954605703 175
1749905408909 0.6605759407244863 176
1749905459490 0.6528012491730975 177
1749905509044 0.6643202405686105 178
1749905559564 0.65736164914406 179
1749905610016 0.6548484094293981 180
1749905659821 0.6613843565338594 181
1749905710423 0.6507236762533402 182
1749905760648 0.6565309903778546 183
1749905810060 0.6512683714087573 184
1749905860175 0.6550761702823481 185
1749905910083 0.650118778868977 186
1749905960601 0.6521759323403631 187
1749906012067 0.6616532583366864 188
1749906062429 0.6571960134417657 189
1749906112163 0.6514010412701309 190
1749906163087 0.6560192040864018 191
1749906213070 0.6571775448035612 192
1749906263260 0.6563422530062538 193
1749906313242 0.6589443342523941 194
1749906363372 0.6572376508860819 195
1749906413390 0.6516482888451535 196
1749906463391 0.6488770193877468 197
1749906512677 0.6581560254548094 198
1749906562718 0.6613706373451984 199
1749906612633 0.6547185217945 200
1749906662613 0.659444251448597 201
1749906713020 0.6504273466942078 202
1749906763689 0.6568149656338975 203
1749906813998 0.6594099669800741 204
1749906863661 0.6568297520961578 205
1749906914397 0.6533789688111407 206
1749906965397 0.6654020916510568 207
1749907016019 0.6584800298759552 208
1749907065881 0.6604068663577891 209
1749907115131 0.6553394060365307 210
1749907165498 0.6544170363844231 211
1749907216755 0.6500770814907169 212
1749907267441 0.6534225841390977 213
1749907317161 0.6568727297554265 214
1749907369283 0.6493704409386168 215
1749907419459 0.656496022774049 216
1749907469298 0.6602874038639763 217
1749907519679 0.6594062718348076 218
1749907570323 0.6571083122012341 219
1749907620079 0.658263430789446 220
1749907669680 0.6583646659785274 221
1749907719197 0.656899213373682 222
1749907769342 0.6542056732717487 223
1749907820133 0.6603135524061429 224
1749907869925 0.6565589012146856 225
1749907919806 0.6522188748793509 226
1749907970303 0.6592489706206981 227
1749908020263 0.6547603404343957 228
1749908069843 0.6599839320809094 229
1749908120274 0.6496890998948759 230
1749908169976 0.6545684415634546 231
1749908220434 0.6582946747081004 232
1749908271232 0.6566161416088436 233
1749908321845 0.6547634389768702 234
1749908372035 0.6602081770742185 235
1749908422347 0.6482599942685723 236
1749908472501 0.6554420894696995 237
1749908522805 0.6527106137724139 238
1749908573373 0.6491969410957923 239
1749908624265 0.6595603522107182 240
1749908675219 0.6546608231483796 241
1749908725786 0.6526320358376688 242
1749908778566 0.6532709484582877 243
1749908828780 0.6601551442907773 244
1749908879130 0.6518038455310282 245
1749908929690 0.651995280693009 246
1749908979435 0.6524664214072088 247
1749909029955 0.6581849491743438 248
1749909080465 0.6577910928629404 249
1749909130529 0.661311775441468 250
1749909181366 0.6565853633449577 251
1749909231193 0.6527678628074164 252
1749909281932 0.6538976135447493 253
1749909332994 0.6523054128205512 254
1749909383123 0.652578226745525 255
1749909433145 0.6576494877591478 256
1749909484052 0.6533672617206656 257
1749909534747 0.6582108893446205 258
1749909584927 0.6586670782719724 259
1749909630878 0.6513921905890637 260
1749909681595 0.6523535069653549 261
1749909731114 0.6545425690589479 262
1749909781783 0.6537463590696444 263
1749909832120 0.6614244613496788 264
1749909882739 0.6569597792386238 265
1749909933324 0.662158984537989 266
1749909983633 0.6482411270457252 267
1749910033662 0.6575069384219426 268
1749910083769 0.651454860575765 269
1749910134775 0.6619061793060841 270
1749910185907 0.6557943146962845 271
1749910236066 0.6566498162171154 272
1749910285948 0.6549463267565 273
1749910336183 0.65107556134064 274
1749910386379 0.6540844286568707 275
1749910436235 0.6618390458088256 276
1749910486580 0.6558222002544664 277
1749910537335 0.6566301717334292 278
1749910587560 0.6527616102918018 279
1749910637698 0.6488817033335708 280
1749910688278 0.6601809036102326 281
1749910738436 0.6549896880284731 282
1749910788475 0.6464025710953527 283
1749910838807 0.6565494329429383 284
1749910888964 0.6534037754289044 285
1749910939044 0.6529678549923174 286
1749910989638 0.6491175127842386 287
1749911039836 0.6534514458535534 288
1749911090140 0.6497733811173855 289
1749911140022 0.6463697665417518 290
1749911191091 0.6528330353115638 291
1749911242008 0.6554788183280273 292
1749911292479 0.6516893847686852 293
1749911342465 0.6577950553186929 294
1749911392875 0.6476389608778457 295
1749911443782 0.6613180604340297 296
1749911493979 0.6565136624290898 297
1749911544722 0.6570531765546529 298
1749911595001 0.6503876168741821 299
1749911645769 0.6496388933111741 300
1749911695778 0.6556724557059568 301
1749911746434 0.6538476054664463 302
1749911797098 0.6483944113275087 303
1749911847875 0.6545545269170944 304
1749911897902 0.6566276633481992 305
1749911947898 0.6515484791165036 306
1749911998081 0.6527556267465796 307
1749912047929 0.6472961877626685 308
1749912097905 0.6519611869941419 309
1749912149495 0.6535434774928919 310
1749912200379 0.658163828174148 311
1749912250328 0.6615656222664775 312
1749912300989 0.6568441066400545 313
1749912351150 0.6554485058749916 314
1749912401712 0.6521304487024678 315
1749912452048 0.6613084235436086 316
1749912501996 0.6546266341451469 317
1749912551736 0.657915435000173 318
1749912601392 0.6554823289554802 319
1749912650979 0.653298954040812 320
1749912701796 0.6560915779527453 321
1749912752300 0.6573545156002699 322
1749912803461 0.6535317884743866 323
1749912854306 0.654851797219962 324
1749912904840 0.65496742212798 325
1749912955756 0.657238110178 326
1749913006201 0.6570815278806601 327
1749913056655 0.6526614669489685 328
1749913106992 0.6480393103018838 329
1749913157225 0.6531802856736193 330
1749913208756 0.6554009377267991 331
1749913258621 0.649531288679752 332
1749913308695 0.6641861867454074 333
1749913359047 0.6654953048200132 334
1749913409380 0.6532084103864608 335
1749913459292 0.6514183649169126 336
1749913509725 0.6524747466690558 337
1749913560041 0.6512265793770935 338
1749913611219 0.6478804981431081 339
1749913661358 0.6461562515705754 340
1749913711480 0.6578594140850839 341
1749913761665 0.6550981843002462 342
1749913812341 0.6513205359296753 343
1749913862242 0.6527464172471005 344
1749913912495 0.6539846213333226 345
1749913964226 0.6556756179348587 346
1749914014238 0.6569675522879743 347
1749914064575 0.6573200712847852 348
1749914114053 0.6511534213420779 349
1749914164190 0.6568422655081262 350
1749914215142 0.6528635104682039 351
1749914265556 0.655257163849459 352
1749914314861 0.6598830904986142 353
1749914365628 0.6551982417988018 354
1749914415464 0.656131199863957 355
1749914465668 0.6567372276415724 356
1749914515799 0.6573184453620355 357
1749914566585 0.6526093159721563 358
1749914616859 0.657777856471604 359
1749914664442 0.6559691966745199 360
1749914709853 0.6456077227049616 361
1749914756240 0.6582651232714701 362
1749914801389 0.6566143745923303 363
1749914846933 0.6568174401281309 364
1749914892693 0.6571491081341166 365
1749914937609 0.6571148202334691 366
1749914982791 0.6602418157862703 367
1749915028348 0.6582638525162975 368
1749915073993 0.6511677663497082 369
1749915118982 0.6528054081638494 370
1749915164659 0.6565640532227196 371
1749915210143 0.6580713272335368 372
1749915255667 0.655889916173232 373
1749915301744 0.6572366549983277 374
1749915347250 0.6503388105669675 375
1749915392635 0.6607961482712283 376
1749915437985 0.6528771040970179 377
1749915484481 0.65371316762413 378
1749915529741 0.6547367987373603 379
1749915574802 0.656001291789506 380
1749915620455 0.651796332766897 381
1749915666055 0.6584383011904307 382
1749915711721 0.6512737354930177 383
1749915757394 0.6625433840065439 384
1749915802635 0.6521131225832879 385
1749915848136 0.6544923761607253 386
1749915893272 0.6559838200681156 387
1749915938644 0.6569365515212024 388
1749915983923 0.6542763286604296 389
1749916028882 0.6544613936180937 390
1749916074775 0.6548749804645769 391
1749916119813 0.6593398821544042 392
1749916164922 0.6589601251189277 393
1749916210744 0.6622087589967645 394
1749916256383 0.6534382409080554 395
1749916302080 0.6553401021407632 396
1749916347857 0.6632467396190408 397
1749916392963 0.6543780169745194 398
1749916438341 0.6503467506321959 399
1749916483419 0.655640900409208 400
1749916528666 0.6596499303538622 401
1749916574436 0.6596489701829644 402
1749916620054 0.6542721463453114 403
1749916667040 0.6502894950648509 404
1749916712805 0.659103076294095 405
1749916758392 0.6514643014280458 406
1749916804939 0.6507298841362482 407
1749916850632 0.6547542243062017 408
1749916895387 0.6592726838813814 409
1749916940826 0.6498962240775558 410
1749916985990 0.658123053381976 411
1749917031127 0.6576050290312924 412
1749917076297 0.6516068871274816 413
1749917121634 0.6538015731626329 414
1749917166489 0.6554615483403915 415
1749917211618 0.6462381446273927 416
1749917256986 0.6495224791856702 417
1749917302427 0.6624440726331041 418
1749917347498 0.6493023712720509 419
1749917392528 0.657571811180378 420
1749917438417 0.6519391664848775 421
1749917483784 0.651728021149166 422
1749917529112 0.6570670474299231 423
1749917574458 0.6568905964749293 424
1749917619715 0.6587450315365702 425
1749917665747 0.6582842783376699 426
1749917713410 0.6617759341379464 427
1749917758912 0.6564146023182015 428
1749917803870 0.6594826641705482 429
1749917850337 0.6538864773566422 430
1749917895372 0.6590640195506399 431
1749917941084 0.6573926058419197 432
1749917986589 0.6568657310180298 433
1749918032106 0.6598448854024145 434
1749918078337 0.65808363504025 435
1749918124549 0.6545933692638627 436
1749918170408 0.6555329637344847 437
1749918215638 0.6470358062029469 438
1749918260735 0.6569378378927562 439
1749918307201 0.6496820971552273 440
1749918352790 0.655506608241928 441
1749918398305 0.6474849069650742 442
1749918443760 0.6530475223009589 443
1749918489282 0.6489561637707528 444
1749918534558 0.6575793307335113 445
1749918580375 0.6599393761644377 446
1749918625495 0.6555673097897802 447
1749918670742 0.6511704623833292 448
1749918716333 0.6497573162232582 449
1749918761561 0.6527343918029013 450
1749918806708 0.6547640434658937 451
1749918852224 0.6592882822061573 452
1749918897168 0.654821562347433 453
1749918943172 0.6524148551912691 454
1749918989216 0.6543663157335753 455
1749919034919 0.6550725617514198 456
1749919080703 0.6545799410549988 457
1749919126387 0.6515142364768015 458
1749919171715 0.6577215559561189 459
1749919217715 0.6603505631565041 460
1749919263050 0.6516031194827502 461
1749919308070 0.6549313686459155 462
1749919353244 0.6535608868593932 463
1749919398601 0.6592460614396038 464
1749919444503 0.6571845080183659 465
1749919489334 0.6630913918606669 466
1749919535590 0.6519179778315771 467
1749919580782 0.6505151054775391 468
1749919625371 0.6493054648147315 469
1749919670974 0.6510861650441571 470
1749919715906 0.6517603648113588 471
1749919761657 0.6568617964856571 472
1749919807434 0.6514036056250491 473
1749919853214 0.653599118531975 474
1749919898354 0.6633443204136313 475
1749919944249 0.6543799488492372 476
1749919989306 0.6587697588010499 477
1749920034676 0.6567450561712256 478
1749920079890 0.6497141157247267 479
1749920125296 0.6638094814433068 480
1749920170074 0.6497803470574762 481
1749920215321 0.6514258969802251 482
1749920261254 0.6501776839511334 483
1749920306361 0.6568893097208074 484
1749920352109 0.6574336422734794 485
1749920398082 0.6534465232298831 486
1749920444182 0.6582677020939474 487
1749920489993 0.6532716680768669 488
1749920535000 0.6523032778784916 489
1749920580741 0.6569114032015074 490
1749920625847 0.648308427469366 491
1749920671755 0.6541536445690205 492
1749920716742 0.6515144954221939 493
1749920762333 0.6527422746713921 494
1749920795704 0.6534416280527794 495
1749920824913 0.6528514052985829 496
1749920871002 0.6582765817779296 497
1749920917022 0.6536790793207036 498
1749920963171 0.6602146204552242 499
1749896547284 1.8418128882686553 0
