1749827237737 25.388730563471828 0
1749827290807 34.3782810859457 1
1749827343165 39.48302584870756 2
1749827394892 42.4478776061197 3
1749827447411 44.19279036048198 4
1749827493627 45.337733113344335 5
1749827535713 47.43762811859407 6
1749827577808 48.41257937103145 7
1749827619802 49.26253687315634 8
1749827661969 49.697515124243786 9
1749827704613 50.49247537623119 10
1749827747337 51.46242687865607 11
1749827790435 52.537373131343436 12
1749827835259 54.10229488525574 13
1749827880011 55.02724863756812 14
1749827924758 55.35723213839308 15
1749827969341 56.95715214239288 16
1749828014275 57.37213139343033 17
1749828058762 58.122093895305234 18
1749828103364 58.54207289635518 19
1749828148389 59.592020398980054 20
1749828193092 59.71701414929254 21
1749828237902 60.06699665016749 22
1749828282948 60.53697315134243 23
1749828328008 61.29693515324234 24
1749828372561 61.76691165441728 25
1749828417277 61.91190440477976 26
1749828462782 62.69186540672966 27
1749828507073 62.47187640617969 28
1749828550944 63.60181990900455 29
1749828596132 64.37178141092946 30
1749828640834 65.26673666316684 31
1749828686259 65.97670116494176 32
1749828731486 66.4016799160042 33
1749828776789 66.82165891705415 34
1749828821607 66.88665566721664 35
1749828866670 67.2966351682416 36
1749828911731 67.45162741862907 37
1749828956587 67.72161391930403 38
1749829000373 68.61656917154143 39
1749829046700 68.33658317084146 40
1749829090942 68.65156742162893 41
1749829135192 70.09649517524124 42
1749829179962 70.47647617619118 43
1749829226245 70.52647367631619 44
1749829272971 71.07144642767862 45
1749829317866 71.00144992750363 46
1749829364250 71.23643817809109 47
1749829409118 71.9914004299785 48
1749829453808 72.23638818059096 49
1749829498359 72.38138093095345 50
1749829543385 72.49637518124094 51
1749829588440 72.39138043097846 52
1749829633123 72.87135643217839 53
1749829678055 72.71636418179091 54
1749829722979 73.5263236838158 55
1749829767921 73.31133443327833 56
1749829812354 73.82130893455327 57
1749829857384 73.78131093445327 58
1749829901875 73.18634068296585 59
1749829947151 74.32628368581571 60
1749829991915 74.44627768611569 61
1749830036937 74.16129193540323 62
1749830081521 74.25628718564072 63
1749830126343 74.44627768611569 64
1749830171456 73.99630018499074 65
1749830217074 74.60126993650317 66
1749830262123 74.07629618519074 67
1749830307188 74.05629718514075 68
1749830351816 74.3512824358782 69
1749830396848 74.44127793610319 70
1749830442085 74.47627618619069 71
1749830487039 74.18129093545323 72
1749830531483 74.58127093645318 73
1749830576579 74.37128143592821 74
1749830621543 74.30628468576572 75
1749830666033 74.4512774361282 76
1749830711520 74.53127343632818 77
1749830756489 74.36628168591571 78
1749830801225 74.17129143542823 79
1749830846263 74.52127393630319 80
1749830890648 74.65626718664066 81
1749830935283 74.56627168641567 82
1749830979385 74.79626018699065 83
1749831022734 74.56627168641567 84
1749831066931 74.57627118644068 85
1749831111693 74.69126543672816 86
1749831157038 74.99625018749063 87
1749831201072 74.69626518674066 88
1749831245776 74.61626918654068 89
1749831290458 75.00124993750312 90
1749831335285 74.55127243637818 91
1749831380044 74.57127143642818 92
1749831425275 74.70126493675316 93
1749831469694 74.61126943652818 94
1749831514244 74.59627018649067 95
1749831558891 74.72126393680315 96
1749831603354 74.81125943702816 97
1749831648441 74.77626118694066 98
1749831693166 74.66626668666567 99
1749831737345 75.14624268786561 100
1749831782062 74.86125693715314 101
1749831826573 74.67126643667817 102
1749831871152 74.3762811859407 103
1749831915978 74.83125843707815 104
1749831960475 74.74626268686566 105
1749832004922 74.24628768561571 106
1749832049658 74.48627568621569 107
1749832094611 74.4912754362282 108
1749832139330 74.53127343632818 109
1749832183306 74.48627568621569 110
1749832227915 74.98125093745313 111
1749832272716 74.70126493675316 112
1749832317325 74.44127793610319 113
1749832361997 74.71126443677817 114
1749832406376 74.70626468676566 115
1749832450849 75.33123343832808 116
1749832495910 74.44127793610319 117
1749832540698 74.75126243687815 118
1749832584829 74.61626918654068 119
1749832630549 74.99625018749063 120
1749832675111 74.61126943652818 121
1749832719287 74.63626818659067 122
1749832763964 74.99125043747813 123
1749832809023 74.81125943702816 124
1749832854372 74.97125143742812 125
1749832900024 74.57627118644068 126
1749832945150 74.57627118644068 127
1749832989475 74.61126943652818 128
1749833033879 74.72126393680315 129
1749833078155 74.59627018649067 130
1749833123137 74.83125843707815 131
1749833167524 74.18629068546572 132
1749833212251 74.80125993700315 133
1749833258142 74.53627318634068 134
1749833302734 74.36128193590321 135
1749833347986 74.57627118644068 136
1749833392618 74.70626468676566 137
1749833437233 75.14124293785311 138
1749833481818 74.84625768711564 139
1749833526577 74.97125143742812 140
1749833570714 74.54127293635318 141
1749833615628 74.53127343632818 142
1749833660071 74.46627668616568 143
1749833704814 74.72626368681566 144
1749833749795 74.30628468576572 145
1749833794558 75.07624618769061 146
1749833839099 74.36628168591571 147
1749833883971 74.89625518724064 148
1749833928783 74.4912754362282 149
1749833973430 74.85625718714064 150
1749834019252 74.60626968651567 151
1749834063660 74.80625968701565 152
1749834107777 74.69626518674066 153
1749834152494 74.99125043747813 154
1749834197262 74.93125343732814 155
1749834241767 74.93625318734064 156
1749834286144 74.63126843657817 157
1749834330392 74.67626618669067 158
1749834375222 74.78626068696565 159
1749834419691 75.01124943752812 160
1749834464453 74.28628568571571 161
1749834509689 74.56127193640317 162
1749834553813 74.60126993650317 163
1749834598684 74.62126893655318 164
1749834643286 74.37128143592821 165
1749834688205 74.72626368681566 166
1749834732970 74.63626818659067 167
1749834781074 74.16629168541573 168
1749834825698 74.53627318634068 169
1749834869944 74.88125593720314 170
1749834914340 74.53627318634068 171
1749834959302 74.36628168591571 172
1749835003994 74.4962751862407 173
1749835048956 74.62626868656567 174
1749835093624 74.65126743662817 175
1749835137979 74.61126943652818 176
1749835182758 74.58127093645318 177
1749835227962 74.53127343632818 178
1749835272471 74.09129543522823 179
1749835317198 74.93125343732814 180
1749835362216 74.86125693715314 181
1749835407256 74.56627168641567 182
1749835451719 74.3562821858907 183
1749835499367 74.3762811859407 184
1749835543967 74.44627768611569 185
1749835588667 74.71126443677817 186
1749835633056 74.61626918654068 187
1749835677563 74.46627668616568 188
1749835722442 74.73126343682816 189
1749835767236 74.59627018649067 190
1749835812387 74.67626618669067 191
1749835857269 74.48127593620319 192
1749835901919 74.56627168641567 193
1749835946577 74.4612769361532 194
1749835991130 74.91625418729063 195
1749836035825 75.1362431878406 196
1749836080200 74.54627268636568 197
1749836124432 74.3812809359532 198
1749836168752 74.68626568671566 199
1749836213197 74.67126643667817 200
1749836257606 74.82625868706565 201
1749836302403 74.47127643617819 202
1749836347912 74.94625268736563 203
1749836393187 74.75126243687815 204
1749836438425 74.48127593620319 205
1749836482830 74.63626818659067 206
1749836527776 74.4262786860657 207
1749836572521 74.75126243687815 208
1749836616654 74.58127093645318 209
1749836661392 74.57127143642818 210
1749836706366 74.21128943552823 211
1749836751120 74.4912754362282 212
1749836795374 74.64126793660317 213
1749836840057 74.3862806859657 214
1749836884382 74.70126493675316 215
1749836929052 74.4312784360782 216
1749836973399 74.63126843657817 217
1749837017813 74.80625968701565 218
1749837062583 74.62126893655318 219
1749837107138 75.11624418779061 220
1749837152358 74.55627218639069 221
1749837196755 74.18629068546572 222
1749837241166 75.06624668766561 223
1749837285726 74.24128793560322 224
1749837330968 74.50627468626568 225
1749837375634 74.64126793660317 226
1749837420196 74.3462826858657 227
1749837464876 74.66626668666567 228
1749837509375 74.52627368631569 229
1749837554034 74.4912754362282 230
1749837598988 74.66126693665316 231
1749837644230 74.83625818709065 232
1749837688613 74.75626218689065 233
1749837732954 74.3562821858907 234
1749837777850 74.3862806859657 235
1749837822186 74.58127093645318 236
1749837866359 74.55127243637818 237
1749837911452 74.47127643617819 238
1749837956387 74.63626818659067 239
1749838000822 75.09124543772812 240
1749838045546 74.71626418679067 241
1749838090697 74.87125643717815 242
1749838135579 74.43627818609069 243
1749838180256 74.67626618669067 244
1749838225041 74.88625568721564 245
1749838270012 74.4112794360282 246
1749838314633 74.77126143692816 247
1749838359358 74.61126943652818 248
1749838403866 75.01624918754062 249
1749838448746 74.29128543572821 250
1749838494314 75.00624968751562 251
1749838539203 74.71126443677817 252
1749838584155 74.85625718714064 253
1749838629386 74.51627418629069 254
1749838674122 74.97125143742812 255
1749838718730 74.17629118544073 256
1749838763405 74.36128193590321 257
1749838808469 74.55127243637818 258
1749838853558 74.3462826858657 259
1749838898819 74.97125143742812 260
1749838943978 74.3962801859907 261
1749838988996 74.65126743662817 262
1749839034021 74.15629218539073 263
1749839079096 74.4962751862407 264
1749839124226 74.48627568621569 265
1749839168715 74.97625118744062 266
1749839213742 74.64126793660317 267
1749839258750 74.29628518574071 268
1749839302796 75.04624768761562 269
1749839347671 74.07129643517824 270
1749839392285 74.93625318734064 271
1749839436798 74.58127093645318 272
1749839481612 74.67126643667817 273
1749839525781 74.52627368631569 274
1749839571006 74.55627218639069 275
1749839615634 74.3512824358782 276
1749839660138 74.3762811859407 277
1749839704636 74.3762811859407 278
1749839749134 74.68626568671566 279
1749839793576 74.56627168641567 280
1749839837850 74.79126043697815 281
1749839883024 74.47627618619069 282
1749839927934 74.48627568621569 283
1749839972425 74.4912754362282 284
1749840017645 74.77126143692816 285
1749840062414 74.43627818609069 286
1749840107208 74.90125493725314 287
1749840151690 74.75626218689065 288
1749840196654 75.06624668766561 289
1749840241243 74.4962751862407 290
1749840285221 74.68126593670317 291
1749840330003 74.50127493625318 292
1749840374436 74.97125143742812 293
1749840419237 74.47127643617819 294
1749840463886 74.61626918654068 295
1749840508818 74.27128643567822 296
1749840553187 74.67126643667817 297
1749840597715 74.54127293635318 298
1749840642417 74.75126243687815 299
1749840687081 74.55627218639069 300
1749840731407 74.56627168641567 301
1749840776546 74.74626268686566 302
1749840821424 74.22628868556572 303
1749840866281 74.60126993650317 304
1749840911653 74.44627768611569 305
1749840956596 74.4162791860407 306
1749841001322 74.3112844357782 307
1749841046773 74.58127093645318 308
1749841091516 74.4612769361532 309
1749841135596 74.04629768511575 310
1749841179902 74.4612769361532 311
1749841224969 74.93625318734064 312
1749841269667 74.33628318584071 313
1749841314329 74.76626168691566 314
1749841358424 74.55627218639069 315
1749841403710 74.56627168641567 316
1749841448097 74.65626718664066 317
1749841493516 75.00624968751562 318
1749841537989 74.58127093645318 319
1749841582994 74.3562821858907 320
1749841627110 74.63126843657817 321
1749841672451 74.4562771861407 322
1749841717346 74.3762811859407 323
1749841761522 74.78126093695315 324
1749841805676 74.92625368731564 325
1749841850714 74.65626718664066 326
1749841895501 74.59127043647818 327
1749841940552 74.4062796860157 328
1749841985669 74.51627418629069 329
1749842030696 74.44627768611569 330
1749842075315 74.87125643717815 331
1749842119663 74.55627218639069 332
1749842164481 74.98625068746563 333
1749842209362 74.51627418629069 334
1749842253935 74.68126593670317 335
1749842298321 74.4612769361532 336
1749842343268 74.55127243637818 337
1749842387556 74.67126643667817 338
1749842432504 74.48627568621569 339
1749842477335 74.86125693715314 340
1749842521814 74.3512824358782 341
1749842566791 74.76126193690315 342
1749842611664 74.59627018649067 343
1749842656112 74.75626218689065 344
1749842700707 74.48127593620319 345
1749842745487 74.11129443527824 346
1749842790317 75.14624268786561 347
