1749827237639 1.820773948485193 0
1749827290745 1.6292149030496512 1
1749827343087 1.5339640019196379 2
1749827394848 1.4707972813734953 3
1749827447329 1.429022331893482 4
1749827493590 1.3946438761426416 5
1749827535668 1.3603695085433583 6
1749827577774 1.3386658206652846 7
1749827619767 1.3231686995772205 8
1749827661936 1.3001537034195445 9
1749827704555 1.2820362322485797 10
1749827747294 1.2695139539366358 11
1749827790401 1.2496585811139893 12
1749827835234 1.215804841874701 13
1749827879982 1.1947325536068854 14
1749827924724 1.17882853811678 15
1749827969307 1.1490392631533433 16
1749828014249 1.1335176736746697 17
1749828058730 1.1150018157175103 18
1749828103333 1.0924954295760363 19
1749828148359 1.0809454816227275 20
1749828193062 1.0673505499237066 21
1749828237867 1.0538835118790935 22
1749828282909 1.0459666924128237 23
1749828327980 1.0268108973407273 24
1749828372521 1.0184427692269595 25
1749828417241 1.0104241974800445 26
1749828462747 0.9911369806551634 27
1749828507039 0.9942650276925241 28
1749828550904 0.9774281448390769 29
1749828596093 0.9346841563761732 30
1749828640802 0.9149157878516776 31
1749828686224 0.9060032007712244 32
1749828731450 0.8966078573236179 33
1749828776754 0.8872455373703674 34
1749828821537 0.8791252596084133 35
1749828866628 0.8720585381285583 36
1749828911677 0.8577532140144819 37
1749828956523 0.8600503203310219 38
1749829000338 0.8446172579730322 39
1749829045455 0.8413705114474697 40
1749829090909 0.8293092642764521 41
1749829135159 0.8011306331942162 42
1749829179927 0.7879091087205548 43
1749829224950 0.7838669782083968 44
1749829272933 0.7792076559092044 45
1749829317836 0.7716955979832005 46
1749829364218 0.7706138862859523 47
1749829409086 0.7508684265500909 48
1749829453761 0.7405564375897835 49
1749829498320 0.7407867676508104 50
1749829543343 0.7347852352347817 51
1749829588402 0.7274178101726666 52
1749829633088 0.7262544270533513 53
1749829678035 0.7203207491627396 54
1749829722936 0.7073313785930805 55
1749829767899 0.7105956920790235 56
1749829812313 0.7072666414552531 57
1749829857352 0.6995928529094001 58
1749829901850 0.7130093512959131 59
1749829947108 0.6925379932895255 60
1749829991881 0.6841892305716688 61
1749830036899 0.6908447086724643 62
1749830081484 0.6906252219840161 63
1749830126314 0.6928482061326221 64
1749830171334 0.695624347496233 65
1749830217034 0.6831527276773058 66
1749830262103 0.6830483512826923 67
1749830307156 0.6874688941236436 68
1749830351782 0.6882972822124485 69
1749830396815 0.6831121102350186 70
1749830442060 0.6854383557696657 71
1749830487008 0.6863473573861915 72
1749830531453 0.6867580423295024 73
1749830576535 0.680324721560467 74
1749830621506 0.6887117139184888 75
1749830665989 0.6804017461769286 76
1749830711459 0.6811838879634468 77
1749830756457 0.6771533584440954 78
1749830801184 0.6881238869992288 79
1749830846225 0.6808381368384279 80
1749830890608 0.6761411493387551 81
1749830935257 0.6837127668119348 82
1749830979352 0.6765894724019712 83
1749831022700 0.678558985618739 84
1749831066898 0.6803875038501149 85
1749831111660 0.6817596205594713 86
1749831157003 0.6751995901424678 87
1749831201032 0.6794818363620736 88
1749831245733 0.6795205639449751 89
1749831290422 0.6765613229767894 90
1749831335255 0.6833854351009699 91
1749831380009 0.6831065820137338 92
1749831425238 0.6776728453406584 93
1749831469657 0.6787518595023236 94
1749831514216 0.6777154163869403 95
1749831558853 0.6750629602637949 96
1749831603321 0.6795586857949011 97
1749831648401 0.6788542631786887 98
1749831693126 0.6771681696632109 99
1749831737321 0.6765482398362334 100
1749831782028 0.6763818046442867 101
1749831826496 0.6796794315319253 102
1749831871123 0.6836809329668061 103
1749831915944 0.6763114128620346 104
1749831960443 0.6841805021790622 105
1749832004889 0.6756492867886285 106
1749832049617 0.682319345795973 107
1749832094565 0.6778311271643803 108
1749832139287 0.6795673221416768 109
1749832183267 0.6790486692780286 110
1749832227876 0.6698036401976669 111
1749832272674 0.686660310088572 112
1749832317298 0.6780565528534429 113
1749832361967 0.6741773682246591 114
1749832406340 0.6803474880858879 115
1749832450810 0.6728878956211548 116
1749832495884 0.6818123522568383 117
1749832540641 0.6816874873571995 118
1749832584792 0.6802218140295092 119
1749832630512 0.681601702460682 120
1749832675076 0.6779660873338942 121
1749832719244 0.6756532691453768 122
1749832763923 0.6759416894324809 123
1749832808998 0.6744934406201725 124
1749832854345 0.6721764237461946 125
1749832899993 0.6762800668395821 126
1749832945110 0.676349982384604 127
1749832989437 0.6742093886061254 128
1749833033850 0.6754051630078737 129
1749833078117 0.6784854136218512 130
1749833123098 0.6807752669462531 131
1749833167485 0.679589117048955 132
1749833212213 0.6754251393036427 133
1749833258110 0.6832043017889761 134
1749833302697 0.6821476845054423 135
1749833347940 0.6779967154462864 136
1749833392577 0.6757667798393041 137
1749833437185 0.6691571218920591 138
1749833481771 0.6773982537680969 139
1749833526528 0.6758946453730876 140
1749833570672 0.6748629611651007 141
1749833615587 0.679489370167455 142
1749833660037 0.6839594006639714 143
1749833704772 0.6775975079275621 144
1749833749755 0.6778433982875727 145
1749833794511 0.6766298115894166 146
1749833839058 0.6774012318051319 147
1749833883930 0.6738447748361752 148
1749833928749 0.6805396365445737 149
1749833973388 0.6704771749172013 150
1749834019219 0.6775877930678031 151
1749834063624 0.6798092361021254 152
1749834107743 0.681300342038276 153
1749834152459 0.6791480615683647 154
1749834197219 0.6750293203658563 155
1749834241735 0.6753803077420439 156
1749834286108 0.6846235720618153 157
1749834330357 0.6762105431248442 158
1749834375191 0.677977121658286 159
1749834419651 0.6733564299992588 160
1749834464419 0.6862296718763391 161
1749834509649 0.6800890407063509 162
1749834553768 0.6794700166725062 163
1749834598646 0.6789266774728414 164
1749834643246 0.6822435652623802 165
1749834688162 0.6746667797020344 166
1749834732933 0.6805689264301014 167
1749834781025 0.6802477601927333 168
1749834825656 0.6768025435299809 169
1749834869900 0.6796450593846042 170
1749834914306 0.677901427827235 171
1749834959268 0.674952732698325 172
1749835003963 0.6836232959994685 173
1749835048920 0.6790769341128938 174
1749835093586 0.6794858324695779 175
1749835137944 0.6761518764936753 176
1749835182721 0.679120439531493 177
1749835227931 0.6794468537371585 178
1749835272437 0.6853254495090717 179
1749835317166 0.6763957111211212 180
1749835362178 0.6747449790225825 181
1749835407218 0.676205246253381 182
1749835451679 0.6776854415236935 183
1749835499328 0.6825802038326352 184
1749835543929 0.6808676706612763 185
1749835588627 0.6729004696934624 186
1749835633018 0.6740434828010072 187
1749835677503 0.6825515983057143 188
1749835722420 0.6766905679111987 189
1749835767191 0.6775653437372268 190
1749835812342 0.677050364928796 191
1749835857232 0.6838939253595268 192
1749835901863 0.6811309621385453 193
1749835946520 0.6770916471576209 194
1749835991089 0.6715995018924512 195
1749836035784 0.6783453795255574 196
1749836080167 0.6804176287356876 197
1749836124403 0.6778985901591981 198
1749836168707 0.6764745463689645 199
1749836213157 0.6851815600342563 200
1749836257526 0.6789510990880643 201
1749836302357 0.6843055859275159 202
1749836347866 0.6754993072873765 203
1749836393159 0.6785234820365333 204
1749836438389 0.6828619827565782 205
1749836482785 0.6759622807601328 206
1749836527713 0.6845999778346666 207
1749836572482 0.6801142271033145 208
1749836616615 0.68241005364397 209
1749836661334 0.6761009033832137 210
1749836706312 0.6847587629983583 211
1749836751076 0.6883257087809009 212
1749836795328 0.6761152408020621 213
1749836840021 0.6779960387252604 214
1749836884343 0.6781026139735437 215
1749836929007 0.6823083734513521 216
1749836973357 0.6771904609541995 217
1749837017771 0.6798167015741983 218
1749837062533 0.6891273869182496 219
1749837107102 0.6751809118646972 220
1749837152322 0.6759978099874446 221
1749837196720 0.6884879869470882 222
1749837241104 0.6739694309332366 223
1749837285681 0.6829916034380881 224
1749837330931 0.6760141318632524 225
1749837375592 0.6794743041003753 226
1749837420159 0.6823255568821445 227
1749837464833 0.6787804994234095 228
1749837509330 0.680922989648352 229
1749837553995 0.6792532464193288 230
1749837598950 0.6768517650358021 231
1749837644186 0.6734026602651589 232
1749837688573 0.6764730207562822 233
1749837732916 0.6804066892259032 234
1749837777814 0.6826217086915582 235
1749837822142 0.6742395529698851 236
1749837866298 0.6830287194956506 237
1749837911404 0.6801840791755435 238
1749837956356 0.6803969771592273 239
1749838000780 0.6782173412417503 240
1749838045500 0.6747252895708371 241
1749838090652 0.6774965658985813 242
1749838135525 0.6783398188422259 243
1749838180228 0.6852073122409515 244
1749838225003 0.6741894740628264 245
1749838269965 0.6829634704037366 246
1749838314593 0.6790758034833769 247
1749838359325 0.6824953173902367 248
1749838403824 0.6780645739940707 249
1749838448700 0.6804508514168512 250
1749838494267 0.6720678128574402 251
1749838539152 0.6789520978123689 252
1749838584111 0.6775201228277533 253
1749838629345 0.6814913131476558 254
1749838674070 0.674016652374448 255
1749838718691 0.6779504093395031 256
1749838763381 0.6851176525388895 257
1749838808425 0.6772833566273232 258
1749838853515 0.6831149205488716 259
1749838898721 0.6739202329018569 260
1749838943947 0.6795933822215625 261
1749838988969 0.6813869326002961 262
1749839033989 0.6815011065266477 263
1749839079055 0.6782734288280532 264
1749839124174 0.6881632300402115 265
1749839168677 0.6781139247840979 266
1749839213704 0.680716840030372 267
1749839258715 0.6831647258217076 268
1749839302754 0.6720089208101679 269
1749839347641 0.680372907873285 270
1749839392247 0.6729699215479633 271
1749839436755 0.6804831581579781 272
1749839481568 0.6867446561651429 273
1749839525739 0.6777740802939406 274
1749839570975 0.680069368592823 275
1749839615593 0.6775506507169663 276
1749839660101 0.6816547331312443 277
1749839704600 0.6824025405442069 278
1749839749090 0.675220291970116 279
1749839793515 0.6807462114301165 280
1749839837811 0.6820293628895362 281
1749839882980 0.679197951094114 282
1749839927890 0.6848752976930068 283
1749839972382 0.6773178117417448 284
1749840017597 0.6659889445234064 285
1749840062369 0.6814021230292293 286
1749840107169 0.6756409348907975 287
1749840151654 0.677313261260066 288
1749840196611 0.6764830241788045 289
1749840241207 0.6742207516962799 290
1749840285175 0.6741755761423696 291
1749840329957 0.6823954264418279 292
1749840374396 0.6725198581727598 293
1749840419174 0.6760732190037458 294
1749840463838 0.6869652319667303 295
1749840508774 0.679958372779217 296
1749840553145 0.6821526591345451 297
1749840597669 0.6793068725045612 298
1749840642371 0.6734881002207671 299
1749840687040 0.6833443463125811 300
1749840731370 0.6750613174437404 301
1749840776502 0.6732951746640292 302
1749840821381 0.6854319104098849 303
1749840866238 0.6799838058764109 304
1749840911604 0.6852611934213089 305
1749840956505 0.6865044173452415 306
1749841001281 0.6790824151028395 307
1749841046724 0.6797913811301107 308
1749841091471 0.6791774292098517 309
1749841135550 0.686618074090068 310
1749841179837 0.6842545076797177 311
1749841224922 0.6755762670488454 312
1749841269609 0.6800237895309863 313
1749841314279 0.6765103946148852 314
1749841358379 0.6802138935751841 315
1749841403668 0.6754889004612308 316
1749841448050 0.6788056092312095 317
1749841493470 0.6716776069155527 318
1749841537950 0.6767310685059124 319
1749841582951 0.6845047002063442 320
1749841627066 0.6831466380753914 321
1749841672403 0.6802426254288577 322
1749841717317 0.6782453136578106 323
1749841761475 0.67886203793572 324
1749841805631 0.6740290586498163 325
1749841850675 0.6778906012146445 326
1749841895441 0.6790420361551236 327
1749841940471 0.6844529520660083 328
1749841985632 0.6774903162632172 329
1749842030643 0.6828964778193414 330
1749842075272 0.6750588378371742 331
1749842119636 0.6775408176283653 332
1749842164454 0.6742331828840268 333
1749842209319 0.6798194714364013 334
1749842253895 0.6769821174704643 335
1749842298275 0.6778724809961307 336
1749842343228 0.6798890890803827 337
1749842387507 0.6790661375037813 338
1749842432458 0.6824048142285116 339
1749842477299 0.672275882391064 340
1749842521774 0.6785093977608554 341
1749842566737 0.6737571664750639 342
1749842611619 0.6838151649334246 343
1749842656084 0.678764808214305 344
1749842700664 0.6793339356238423 345
1749842745446 0.6845647622678204 346
1749842790264 0.6792560966543767 347
