1749856521351 25.538723063846806 0
1749856571751 36.208189590520476 1
1749856621999 41.23793810309485 2
1749856672909 43.81780910954452 3
1749856723190 46.05269736513174 4
1749856773603 47.647617619119046 5
1749856823651 48.87755612219389 6
1749856872633 50.26748662566872 7
1749856922496 50.70746462676866 8
1749856973142 52.197390130493474 9
1749857023287 52.727363631818406 10
1749857073196 53.81730913454327 11
1749857122696 54.427278636068195 12
1749857172670 54.98725063746813 13
1749857222586 56.307184640767964 14
1749857273277 56.837158142092896 15
1749857323078 57.5721213939303 16
1749857373022 58.537073146342685 17
1749857423216 58.72706364681766 18
1749857472896 59.40702964851757 19
1749857522830 60.06699665016749 20
1749857572927 60.10699465026749 21
1749857622486 61.10694465276736 22
1749857673177 61.331933403329835 23
1749857723323 61.36693165341733 24
1749857773370 62.22688865556722 25
1749857823310 62.601869906504675 26
1749857873443 62.916854157292136 27
1749857923688 64.0917954102295 28
1749857972638 65.47172641367932 29
1749858023441 65.26173691315434 30
1749858073973 66.22168891555422 31
1749858124919 66.52167391630418 32
1749858175294 66.60166991650418 33
1749858224864 67.31663416829159 34
1749858275194 67.49662516874156 35
1749858325308 67.89660516974152 36
1749858375863 68.40657967101644 37
1749858426118 68.49657517124143 38
1749858477297 68.44157792110394 39
1749858527331 68.95655217239138 40
1749858577587 69.94650267486625 41
1749858627463 70.54647267636618 42
1749858677785 70.89645517724114 43
1749858727143 71.09144542772862 44
1749858777351 71.36143192840358 45
1749858827124 71.59642017899105 46
1749858876879 72.43137843107844 47
1749858927456 72.42637868106594 48
1749858977616 72.39638018099095 49
1749859027320 72.8113594320284 50
1749859077577 72.8563571821409 51
1749859127711 73.02134893255337 52
1749859178821 73.33633318334083 53
1749859230297 73.31133443327833 54
1749859280210 73.65631718414079 55
1749859330309 73.6113194340283 56
1749859381321 74.3462826858657 57
1749859431460 73.97630118494075 58
1749859481443 73.94130293485325 59
1749859531820 74.07129643517824 60
1749859582269 74.02629868506574 61
1749859632140 74.20128993550323 62
1749859681924 74.25628718564072 63
1749859731962 74.24128793560322 64
1749859781764 73.89130543472827 65
1749859832134 74.54627268636568 66
1749859882926 74.81125943702816 67
1749859933751 74.60126993650317 68
1749859985004 74.22628868556572 69
1749860035268 74.28628568571571 70
1749860085842 74.65626718664066 71
1749860136138 74.73126343682816 72
1749860186953 74.57627118644068 73
1749860236909 74.52127393630319 74
1749860286772 74.72626368681566 75
1749860336285 74.68126593670317 76
1749860386190 74.58127093645318 77
1749860436653 74.88125593720314 78
1749860486453 74.81625918704064 79
1749860536609 74.51627418629069 80
1749860588343 74.4912754362282 81
1749860638520 74.32128393580321 82
1749860688468 74.86125693715314 83
1749860738707 75.14124293785311 84
1749860788614 74.77626118694066 85
1749860838042 74.59627018649067 86
1749860887602 74.61626918654068 87
1749860937976 75.2112394380281 88
1749860987389 74.99125043747813 89
1749861038087 74.58627068646568 90
1749861088330 74.87125643717815 91
1749861137651 74.99125043747813 92
1749861187787 74.91625418729063 93
1749861237860 75.01624918754062 94
1749861287690 75.1662416879156 95
1749861337627 74.44127793610319 96
1749861387007 74.48627568621569 97
1749861437133 75.2062396880156 98
1749861488144 74.70626468676566 99
1749861538469 75.04624768761562 100
1749861588774 74.82625868706565 101
1749861638764 75.04124793760312 102
1749861689241 75.06624668766561 103
1749861739472 74.65626718664066 104
1749861791431 74.87625618719063 105
1749861841327 74.47127643617819 106
1749861891483 74.61626918654068 107
1749861941609 74.53627318634068 108
1749861991836 74.78126093695315 109
1749862042066 74.94125293735313 110
1749862091328 74.69126543672816 111
1749862140753 75.22623868806559 112
1749862189860 74.47627618619069 113
1749862239655 75.04624768761562 114
1749862289747 74.95125243737813 115
1749862339949 74.4162791860407 116
1749862390334 75.1262436878156 117
1749862439096 74.96625168741564 118
1749862488417 74.69126543672816 119
1749862537775 74.94125293735313 120
1749862587489 74.77126143692816 121
1749862637885 74.4612769361532 122
1749862687922 74.85125743712814 123
1749862738163 74.70126493675316 124
1749862788445 74.84125793710315 125
1749862839487 74.91125443727813 126
1749862889767 74.74126293685316 127
1749862939296 75.01624918754062 128
1749862989716 74.83125843707815 129
1749863039612 75.11624418779061 130
1749863089750 74.62126893655318 131
1749863139908 74.84625768711564 132
1749863189809 74.84125793710315 133
1749863239732 74.88625568721564 134
1749863290159 75.06124693765312 135
1749863340197 75.35623218839058 136
1749863389654 74.47627618619069 137
1749863440137 74.87125643717815 138
1749863489527 75.00624968751562 139
1749863539394 75.18624068796561 140
1749863589524 74.96125193740313 141
1749863639176 74.67126643667817 142
1749863689483 75.01124943752812 143
1749863738408 74.51627418629069 144
1749863788047 74.74126293685316 145
1749863837166 74.70126493675316 146
1749863887146 74.99625018749063 147
1749863936760 74.33628318584071 148
1749863987255 74.51627418629069 149
1749864037048 74.4612769361532 150
1749864100417 74.75126243687815 151
1749864150193 74.83125843707815 152
1749864200432 74.26128693565322 153
1749864249626 74.89125543722814 154
1749864298700 75.31123443827809 155
1749864348936 74.81125943702816 156
1749864398764 74.72626368681566 157
1749864449435 75.35123243837808 158
1749864499582 75.29123543822809 159
1749864548530 74.4512774361282 160
1749864598941 74.78126093695315 161
1749864649619 74.58127093645318 162
1749864699591 74.53127343632818 163
1749864750117 74.3412829358532 164
1749864800663 74.58127093645318 165
1749864850006 74.83625818709065 166
1749864899547 74.67626618669067 167
1749864949474 74.21128943552823 168
1749864999796 74.58627068646568 169
1749865049439 74.65126743662817 170
1749865099076 74.53127343632818 171
1749865149657 74.83625818709065 172
1749865199205 74.91625418729063 173
1749865249116 74.53627318634068 174
1749865298491 74.99125043747813 175
1749865349702 75.08624568771562 176
1749865399644 74.75126243687815 177
1749865450452 74.82625868706565 178
1749865504113 74.96125193740313 179
1749865554230 74.88625568721564 180
1749865604520 75.09124543772812 181
1749865654679 74.71626418679067 182
1749865704635 75.0962451877406 183
1749865754633 74.84125793710315 184
1749865804652 74.81625918704064 185
1749865855029 74.82125893705314 186
1749865905287 74.94625268736563 187
1749865955264 74.57127143642818 188
1749866006203 74.67126643667817 189
1749866056301 75.0962451877406 190
1749866105879 74.58127093645318 191
1749866156466 74.67126643667817 192
1749866206337 74.84125793710315 193
1749866256127 74.93125343732814 194
1749866306090 74.50627468626568 195
1749866356286 75.11124443777811 196
1749866406288 74.91125443727813 197
1749866456615 74.99625018749063 198
1749866506231 74.51127443627819 199
1749866556471 74.84625768711564 200
1749866606703 74.63126843657817 201
1749866656665 74.67126643667817 202
1749866706187 74.51627418629069 203
1749866757110 75.03124843757813 204
1749866807206 74.85125743712814 205
1749866858048 74.98125093745313 206
1749866907524 74.81125943702816 207
1749866958130 74.91125443727813 208
1749867007384 74.4012799360032 209
1749867057474 74.57627118644068 210
1749867107020 74.66126693665316 211
1749867156832 75.00624968751562 212
1749867206250 75.05124743762812 213
1749867256599 74.84125793710315 214
1749867306321 75.04624768761562 215
1749867357103 74.79626018699065 216
1749867406693 74.63626818659067 217
1749867456616 74.74626268686566 218
1749867506702 74.89625518724064 219
1749867556318 74.90625468726563 220
1749867606115 74.4962751862407 221
1749867656470 74.66626668666567 222
1749867706809 74.71626418679067 223
1749867756990 74.91625418729063 224
1749867807026 74.97625118744062 225
1749867857060 74.91125443727813 226
1749867906483 75.08624568771562 227
1749867956454 75.18624068796561 228
1749868006967 74.81625918704064 229
1749868057072 74.95625218739063 230
1749868107348 74.87125643717815 231
1749868157471 74.53627318634068 232
1749868207692 75.04624768761562 233
1749868257761 74.32128393580321 234
1749868307601 74.70626468676566 235
1749868358756 74.67126643667817 236
1749868408784 75.1912404379781 237
1749868458716 75.18624068796561 238
1749868509324 75.11124443777811 239
1749868559448 74.58127093645318 240
1749868609091 74.97625118744062 241
1749868658970 75.04124793760312 242
1749868709003 74.64626768661567 243
1749868758770 74.59127043647818 244
1749868808863 75.06624668766561 245
1749868859660 74.78126093695315 246
1749868909842 74.91125443727813 247
1749868961696 74.50127493625318 248
1749869011578 74.29628518574071 249
1749869061890 74.73626318684066 250
1749869112315 74.65626718664066 251
1749869162180 74.99625018749063 252
1749869212449 75.04124793760312 253
1749869262468 74.62126893655318 254
1749869312485 74.83125843707815 255
1749869363231 75.11624418779061 256
1749869413572 74.83125843707815 257
1749869463814 74.83125843707815 258
1749869513651 74.27128643567822 259
1749869564880 75.06624668766561 260
1749869615376 75.06124693765312 261
1749869665359 75.02124893755312 262
1749869715463 74.91625418729063 263
1749869764821 74.57127143642818 264
1749869814891 74.62626868656567 265
1749869865540 74.73626318684066 266
1749869915942 75.01624918754062 267
1749869965974 74.86625668716565 268
1749870017298 75.06624668766561 269
1749870067294 74.64126793660317 270
1749870117225 75.10124493775311 271
1749870167632 74.94625268736563 272
1749870217664 74.68626568671566 273
1749870267680 74.46627668616568 274
1749870318441 74.72626368681566 275
1749870367948 75.15124243787811 276
1749870418184 74.97125143742812 277
1749870468771 74.86625668716565 278
1749870518771 74.77126143692816 279
1749870568502 74.66126693665316 280
1749870618692 74.77626118694066 281
1749870668399 74.73126343682816 282
1749870718083 75.08124593770312 283
1749870768345 74.43627818609069 284
1749870818221 74.69626518674066 285
1749870868035 75.1262436878156 286
1749870917776 74.93125343732814 287
1749870967812 74.98125093745313 288
1749871017302 74.71126443677817 289
1749871067505 75.00624968751562 290
1749871118007 74.97625118744062 291
1749871167554 74.94625268736563 292
1749871218053 74.84625768711564 293
1749871267227 74.82625868706565 294
1749871317678 74.73126343682816 295
1749871368072 74.59127043647818 296
1749871417665 74.18629068546572 297
1749871468097 75.0962451877406 298
1749871517897 74.97125143742812 299
1749871568029 75.1712414379281 300
1749871617696 74.60626968651567 301
1749871667330 75.02124893755312 302
1749871716976 74.90625468726563 303
1749871767388 74.63126843657817 304
1749871817611 75.09124543772812 305
1749871867138 75.01124943752812 306
1749871917711 74.58627068646568 307
1749871968251 74.95625218739063 308
1749872018158 74.91125443727813 309
1749872068006 74.60126993650317 310
1749872118678 74.55127243637818 311
1749872169281 75.04124793760312 312
1749872219449 75.01124943752812 313
1749872271013 74.70126493675316 314
1749872321246 74.73626318684066 315
1749872370526 74.87125643717815 316
1749872420433 75.25623718814059 317
1749872469772 74.81125943702816 318
1749872519730 74.64626768661567 319
1749872570185 75.01124943752812 320
1749872620405 74.76626168691566 321
1749872670298 74.62126893655318 322
1749872720804 75.06624668766561 323
1749872770677 74.73126343682816 324
1749872820571 75.2112394380281 325
1749872870682 74.72626368681566 326
1749872920849 74.65126743662817 327
1749872971333 75.2012399380031 328
1749873021273 75.09124543772812 329
1749873071056 74.95125243737813 330
1749873121184 74.75126243687815 331
1749873171368 74.99625018749063 332
1749873221358 75.07624618769061 333
1749873271878 74.67126643667817 334
1749873321921 74.97625118744062 335
1749873371645 74.59627018649067 336
1749873421871 74.94125293735313 337
1749873472177 75.1612419379031 338
1749873522331 74.72126393680315 339
1749873571524 74.72626368681566 340
1749873621649 75.1262436878156 341
1749873671499 74.65126743662817 342
1749873721708 74.69126543672816 343
1749873772205 74.97625118744062 344
1749873822254 74.78126093695315 345
1749873872910 74.91625418729063 346
1749873923419 74.61126943652818 347
1749873973090 75.10124493775311 348
1749874023156 75.32123393830308 349
1749874073902 75.08124593770312 350
1749874123392 74.95625218739063 351
1749874172940 74.60626968651567 352
1749874223781 75.02124893755312 353
1749874273464 74.4312784360782 354
1749874323616 74.44627768611569 355
1749874373907 75.1762411879406 356
1749874423081 75.14124293785311 357
1749874473046 74.96625168741564 358
1749874523577 74.50627468626568 359
1749874573315 74.60626968651567 360
1749874623251 74.84125793710315 361
1749874672847 74.93125343732814 362
1749874722890 74.72626368681566 363
1749874772607 74.21628918554072 364
1749874823079 74.92125393730313 365
1749874872929 75.1712414379281 366
1749874921945 75.10624468776561 367
1749874972402 74.67126643667817 368
1749875022177 75.05124743762812 369
1749875071963 75.15124243787811 370
1749875122144 74.51627418629069 371
1749875172257 74.61126943652818 372
1749875222067 74.51627418629069 373
1749875272951 74.70126493675316 374
1749875323178 75.05624718764062 375
1749875372783 74.48127593620319 376
1749875423133 74.84125793710315 377
1749875473392 74.79126043697815 378
1749875523422 75.02124893755312 379
1749875574167 74.90625468726563 380
1749875623759 75.09124543772812 381
1749875674074 74.98125093745313 382
1749875724596 74.96625168741564 383
1749875774903 74.4912754362282 384
1749875824833 74.52627368631569 385
1749875874924 74.75126243687815 386
1749875924546 74.99625018749063 387
1749875973862 75.11124443777811 388
1749876023724 74.87625618719063 389
1749876073316 74.68626568671566 390
1749876122474 75.44622768861556 391
1749876172975 74.64626768661567 392
1749876223703 75.00624968751562 393
1749876273407 75.1712414379281 394
1749876323948 75.07624618769061 395
1749876372363 74.84625768711564 396
1749876421136 75.03124843757813 397
1749876471125 74.91125443727813 398
1749876521686 74.64126793660317 399
1749876572854 75.00624968751562 400
1749876621659 74.94625268736563 401
1749876670618 74.62126893655318 402
1749876720080 74.65626718664066 403
1749876770605 74.80125993700315 404
1749876820400 74.81125943702816 405
1749876870068 75.2812359382031 406
1749876919940 74.91125443727813 407
1749876969703 74.73626318684066 408
1749877020334 74.60126993650317 409
1749877070643 75.05124743762812 410
1749877120431 74.3512824358782 411
1749877170199 75.03624818759062 412
1749877220601 75.05124743762812 413
1749877270199 74.77626118694066 414
1749877320366 75.11124443777811 415
1749877370048 74.81625918704064 416
1749877420612 74.44127793610319 417
1749877468429 74.95625218739063 418
1749877518653 74.79626018699065 419
1749877568452 74.69626518674066 420
1749877618492 74.52627368631569 421
1749877669111 74.94625268736563 422
1749877719190 74.91625418729063 423
1749877769799 74.88625568721564 424
1749877818513 74.46627668616568 425
1749877867728 75.07624618769061 426
1749877917381 75.11624418779061 427
1749877967419 74.87125643717815 428
1749878016383 75.0962451877406 429
1749878065510 74.4212789360532 430
1749878115951 74.67626618669067 431
1749878165984 74.60626968651567 432
1749878215537 75.05624718764062 433
1749878265802 74.52627368631569 434
1749878316259 75.11124443777811 435
1749878366626 74.84125793710315 436
1749878416521 74.59127043647818 437
1749878466524 74.77126143692816 438
1749878516429 74.4312784360782 439
1749878567132 74.60626968651567 440
1749878617065 75.1712414379281 441
1749878666645 75.2462376881156 442
1749878717102 74.71626418679067 443
1749878767203 74.54627268636568 444
1749878816492 74.91125443727813 445
1749878866789 75.0962451877406 446
1749878917221 74.67126643667817 447
1749878967124 74.70626468676566 448
1749879016164 75.09124543772812 449
1749879066058 74.82125893705314 450
1749879115807 74.61626918654068 451
1749879165627 74.94625268736563 452
1749879215964 74.75126243687815 453
1749879265764 74.73626318684066 454
1749879316003 74.69626518674066 455
1749879365728 74.71126443677817 456
1749879415841 74.47127643617819 457
1749879466327 74.79126043697815 458
1749879516528 74.86625668716565 459
1749879566597 74.70626468676566 460
1749879616700 74.78626068696565 461
1749879666488 74.63126843657817 462
1749879715853 74.65126743662817 463
1749879766551 75.25623718814059 464
1749879816322 74.97625118744062 465
1749879867297 75.18624068796561 466
1749879918376 74.89125543722814 467
1749879967387 74.93125343732814 468
1749880018284 74.84125793710315 469
1749880071313 74.96625168741564 470
1749880121962 75.28623568821558 471
1749880171744 74.93125343732814 472
1749880222020 75.1312434378281 473
1749880272179 74.56127193640317 474
1749880321682 75.06624668766561 475
1749880371329 74.59627018649067 476
1749880420532 75.1712414379281 477
1749880470257 74.58627068646568 478
1749880520417 74.93625318734064 479
1749880569966 74.43627818609069 480
1749880620314 74.89625518724064 481
1749880670728 74.52127393630319 482
1749880720533 74.57127143642818 483
1749880770779 74.36128193590321 484
1749880821118 74.92625368731564 485
1749880870790 74.90625468726563 486
1749880921138 74.3512824358782 487
1749880971815 75.01124943752812 488
1749881021445 75.44622768861556 489
1749881071056 74.72626368681566 490
1749881121516 74.60626968651567 491
1749881171416 74.63126843657817 492
1749881221845 74.65626718664066 493
1749881272057 75.1962401879906 494
1749881321316 74.82125893705314 495
1749881371093 74.55627218639069 496
1749881421312 74.83625818709065 497
1749881471051 74.75626218689065 498
1749881521050 74.61626918654068 499
1749881571734 74.60626968651567 500
1749881622107 75.15624218789061 501
1749881672628 75.04124793760312 502
1749881722801 74.47627618619069 503
1749881773028 75.07124643767811 504
1749881823029 75.07624618769061 505
1749881872959 74.58627068646568 506
1749881923246 74.91625418729063 507
1749881972699 74.91125443727813 508
1749882022429 74.92625368731564 509
1749882072780 74.58627068646568 510
1749882122030 74.55627218639069 511
1749882172375 74.75626218689065 512
1749882222322 74.48127593620319 513
1749882272402 74.96125193740313 514
1749882318698 75.30623468826559 515
1749882364085 74.93625318734064 516
1749882408846 74.94625268736563 517
1749882454049 74.30628468576572 518
1749882499621 74.52127393630319 519
1749882545386 74.46627668616568 520
1749882591011 74.52627368631569 521
1749882636345 75.06624668766561 522
1749882681465 74.87625618719063 523
1749882727126 74.90125493725314 524
1749882772379 74.99625018749063 525
1749882818325 74.86125693715314 526
1749882863682 75.14124293785311 527
1749882909461 74.47627618619069 528
1749882954673 74.78626068696565 529
1749883000524 75.1812409379531 530
1749883045350 74.4262786860657 531
1749883090758 74.97625118744062 532
1749883135699 74.4612769361532 533
1749883180709 75.05124743762812 534
1749883226070 74.75626218689065 535
1749883271275 75.0962451877406 536
1749883316803 74.92625368731564 537
1749883362359 74.65126743662817 538
1749883407730 74.58627068646568 539
1749883453747 74.89625518724064 540
1749883499242 74.79626018699065 541
1749883544834 74.87625618719063 542
1749883589780 74.63626818659067 543
1749883634740 74.54127293635318 544
1749883680505 74.88625568721564 545
1749883725679 75.03624818759062 546
1749883770738 74.67626618669067 547
1749883815151 74.3512824358782 548
1749883860399 74.68626568671566 549
1749883905768 74.70626468676566 550
1749883951960 74.60126993650317 551
1749883996720 74.52127393630319 552
1749884042140 74.99125043747813 553
1749884087219 74.58627068646568 554
1749884133369 75.05124743762812 555
1749884178694 74.98625068746563 556
1749884223729 74.53127343632818 557
1749884268816 74.95625218739063 558
1749884314026 74.90625468726563 559
1749884359672 74.56627168641567 560
1749884404996 75.05124743762812 561
1749884450314 74.78126093695315 562
1749884496062 74.83625818709065 563
1749884540939 74.90625468726563 564
1749884586515 75.04624768761562 565
1749884631943 74.94625268736563 566
1749884677958 75.06624668766561 567
1749884722956 74.65126743662817 568
1749884768420 74.65126743662817 569
1749884813565 74.79126043697815 570
1749884858969 74.78126093695315 571
1749884904362 74.84625768711564 572
1749884949522 74.80625968701565 573
1749884994964 74.71126443677817 574
1749885040061 74.94625268736563 575
1749885085749 75.06124693765312 576
1749885131208 74.3812809359532 577
1749885177052 74.95625218739063 578
1749885221951 74.90625468726563 579
1749885267894 74.91125443727813 580
1749885314066 74.62626868656567 581
1749885360620 74.80125993700315 582
1749885405774 74.70626468676566 583
1749885450938 74.51627418629069 584
1749885496346 74.93625318734064 585
1749885542056 74.83125843707815 586
1749885587256 74.77626118694066 587
1749885632796 74.53627318634068 588
1749885678255 74.52127393630319 589
1749885723238 74.89125543722814 590
1749885768807 74.79626018699065 591
1749885814269 74.94625268736563 592
1749885859933 75.15124243787811 593
1749885905540 74.72626368681566 594
1749885951157 74.88625568721564 595
1749885996250 74.80125993700315 596
1749886041640 75.01624918754062 597
1749886087373 74.52627368631569 598
1749886132702 74.65126743662817 599
1749886178369 74.36128193590321 600
1749886223847 74.60626968651567 601
1749886268737 74.83125843707815 602
1749886314299 75.1912404379781 603
1749886359669 75.50622468876556 604
1749886404743 74.78126093695315 605
1749886450628 74.90625468726563 606
1749886495468 74.66626668666567 607
1749886540911 74.94625268736563 608
1749886585236 74.4112794360282 609
1749886630572 74.84125793710315 610
1749886675984 74.77626118694066 611
1749886721157 74.63126843657817 612
1749886766140 75.05124743762812 613
1749886811436 74.86625668716565 614
1749886857000 75.2112394380281 615
1749886902143 74.87625618719063 616
1749886947162 74.87125643717815 617
1749886992870 74.4912754362282 618
1749887038005 74.78126093695315 619
1749887083745 74.52627368631569 620
1749887129486 74.63626818659067 621
1749887174758 74.97125143742812 622
1749887220092 74.84125793710315 623
1749887265001 75.1612419379031 624
1749887310241 74.59127043647818 625
1749887355723 75.1362431878406 626
1749887402029 74.80125993700315 627
1749887446955 74.60126993650317 628
1749887492418 74.91125443727813 629
1749887538029 74.93125343732814 630
1749887583440 74.72126393680315 631
1749887629320 74.92625368731564 632
1749887674310 74.4162791860407 633
1749887719691 75.1662416879156 634
1749887765096 74.72626368681566 635
1749887810565 74.56627168641567 636
1749887857008 74.83625818709065 637
1749887902121 75.45622718864057 638
1749887947789 74.89125543722814 639
1749887993364 74.79626018699065 640
1749888038936 74.61626918654068 641
1749888084064 74.87125643717815 642
1749888135026 75.04124793760312 643
1749888180409 74.85125743712814 644
1749888224871 74.81125943702816 645
1749888270754 74.72626368681566 646
1749888316004 74.66626668666567 647
1749888361228 75.08624568771562 648
1749888406799 74.90625468726563 649
1749888451995 74.66126693665316 650
1749888497440 74.4612769361532 651
1749888542685 74.97125143742812 652
1749888587941 74.68626568671566 653
1749888632927 75.05124743762812 654
1749888678294 75.15624218789061 655
1749888723450 74.30628468576572 656
1749888768820 74.76126193690315 657
1749888814343 74.37128143592821 658
1749888859639 74.67126643667817 659
1749888904915 74.92625368731564 660
1749888950228 74.86125693715314 661
1749888995182 74.89125543722814 662
1749889040464 74.99625018749063 663
1749889086277 74.71126443677817 664
1749889131193 74.50627468626568 665
1749889176270 74.96125193740313 666
1749889221896 74.4162791860407 667
1749889267099 74.93625318734064 668
1749889312356 75.00124993750312 669
1749889357074 74.76626168691566 670
1749889402432 74.76626168691566 671
1749889447799 74.47627618619069 672
1749889493234 74.57627118644068 673
1749889538718 74.65626718664066 674
1749889584054 74.90625468726563 675
1749889629342 74.76126193690315 676
1749889675115 74.91125443727813 677
1749889719802 75.06124693765312 678
1749889764835 75.22623868806559 679
1749889809917 74.51127443627819 680
1749889855135 75.02124893755312 681
1749889900919 74.68626568671566 682
1749889945813 74.93125343732814 683
1749889990960 75.1912404379781 684
1749890036174 74.91625418729063 685
1749890080735 75.04124793760312 686
1749890125917 74.86625668716565 687
1749890172153 74.4912754362282 688
1749890217297 74.91125443727813 689
