1749856521307 1.8227033265012127 0
1749856571722 1.60981026104549 1
1749856621970 1.5068637197010726 2
1749856672875 1.440248461319419 3
1749856723154 1.3924497352183554 4
1749856773500 1.3578620743235374 5
1749856823612 1.32378087530827 6
1749856872611 1.30461588242812 7
1749856922471 1.2858686625888947 8
1749856973109 1.2545616352929454 9
1749857023237 1.242149940389829 10
1749857073114 1.2179927150044856 11
1749857122651 1.2083986339482788 12
1749857172634 1.1832405924946063 13
1749857222495 1.162865673713127 14
1749857273212 1.1443708675705513 15
1749857323045 1.1278346624143611 16
1749857372974 1.109945421013008 17
1749857423165 1.098934423377541 18
1749857472846 1.0762098938797386 19
1749857522792 1.0600170362747274 20
1749857572868 1.0536587985180228 21
1749857622422 1.035490942015647 22
1749857673122 1.023285285036991 23
1749857723257 1.0153127609089097 24
1749857773329 0.9995835955921015 25
1749857823278 0.9976974451406605 26
1749857873394 0.9808274570521542 27
1749857923629 0.9376607700309946 28
1749857972588 0.9192683107226761 29
1749858023385 0.9100443184372783 30
1749858073936 0.9000018324937101 31
1749858124855 0.8911209060105019 32
1749858175233 0.8858562497417722 33
1749858224838 0.8644230491957836 34
1749858275150 0.8695338096364034 35
1749858325259 0.8568639548889435 36
1749858375818 0.847024233220464 37
1749858426081 0.8421249502653194 38
1749858477250 0.8434967059897432 39
1749858527229 0.8246484677032628 40
1749858577540 0.8026259980746003 41
1749858627413 0.7883729992446395 42
1749858677722 0.7764273415611157 43
1749858727106 0.7672864851024912 44
1749858777286 0.7671540301013938 45
1749858827074 0.7537278072663316 46
1749858876842 0.7446028125637156 47
1749858927409 0.7430197969924617 48
1749858977573 0.7355684214136338 49
1749859027266 0.7332281282344918 50
1749859077523 0.7224775766488654 51
1749859127641 0.7269459133875096 52
1749859178775 0.7112411951209348 53
1749859230252 0.709993536184981 54
1749859280166 0.7041931235080173 55
1749859330275 0.7064914138702969 56
1749859381279 0.6972029089278016 57
1749859431391 0.6963551999640389 58
1749859481400 0.6919061193871001 59
1749859531780 0.6948630456822877 60
1749859582201 0.6922976526625305 61
1749859632102 0.6891686606303459 62
1749859681888 0.6911876617291648 63
1749859731920 0.6890081371423823 64
1749859781717 0.6888543846881257 65
1749859832081 0.6866927872840806 66
1749859882888 0.6759118741586515 67
1749859933720 0.68144290099519 68
1749859984969 0.6841931558166121 69
1749860035215 0.6840086413004369 70
1749860085799 0.6788044324738223 71
1749860136087 0.6764561357387787 72
1749860186910 0.6786286446781244 73
1749860236869 0.6782400333895087 74
1749860286725 0.6791515944004178 75
1749860336238 0.6738894825266608 76
1749860386151 0.6814884775656771 77
1749860436610 0.6735808610421444 78
1749860486411 0.6774742609128065 79
1749860536562 0.6709057112752387 80
1749860588300 0.6801475157893173 81
1749860638460 0.6778540329410817 82
1749860688410 0.6726902047250696 83
1749860738670 0.6755231920286844 84
1749860788579 0.6761124156086535 85
1749860838001 0.6790418288746891 86
1749860887557 0.6780061452775675 87
1749860937945 0.6731343921509559 88
1749860987351 0.6665107000924958 89
1749861038030 0.6780834167929007 90
1749861088280 0.6805158957654992 91
1749861137610 0.6728835042003012 92
1749861187732 0.6700688664850357 93
1749861237810 0.6764611914410459 94
1749861287630 0.670360218202908 95
1749861337573 0.671423638910301 96
1749861386953 0.6776505490216408 97
1749861437093 0.6717249968070864 98
1749861488104 0.6742262225181817 99
1749861538421 0.6676691737790833 100
1749861588710 0.6757676110172992 101
1749861638715 0.6698721060305379 102
1749861689195 0.676111125950813 103
1749861739428 0.6766004301859053 104
1749861791390 0.6745695201559464 105
1749861841276 0.6825627495402616 106
1749861891411 0.6670302794260488 107
1749861941558 0.6736867155954331 108
1749861991761 0.6705422156584584 109
1749862042018 0.6700668615025435 110
1749862091282 0.676556835686658 111
1749862140711 0.6691778088073708 112
1749862189815 0.6796333708815602 113
1749862239606 0.6683371048242794 114
1749862289691 0.6765452743658719 115
1749862339906 0.6708135744326293 116
1749862390302 0.6724182823132285 117
1749862439051 0.672321806790906 118
1749862488362 0.6724297684759779 119
1749862537725 0.6718597509379292 120
1749862587401 0.6729020496218403 121
1749862637825 0.6784954302478186 122
1749862687872 0.6726228576154448 123
1749862738090 0.6730566067052755 124
1749862788407 0.6759159790683428 125
1749862839452 0.6727394742862229 126
1749862889695 0.6789646921059613 127
1749862939254 0.677967064082995 128
1749862989640 0.6744051580399038 129
1749863039548 0.6696257201616576 130
1749863089693 0.6793075036265886 131
1749863139880 0.6710642798245028 132
1749863189760 0.6745683244955187 133
1749863239688 0.6700230838348084 134
1749863290116 0.6674907908195985 135
1749863340135 0.6691411518286505 136
1749863389615 0.6768126209272957 137
1749863440069 0.6732035622497623 138
1749863489491 0.6732135931853444 139
1749863539359 0.6722109550693068 140
1749863589479 0.6714792129999518 141
1749863639118 0.6719180718611898 142
1749863689433 0.6717111322633755 143
1749863738361 0.6802222598142 144
1749863788000 0.6751453872621254 145
1749863837139 0.6755543416126177 146
1749863887099 0.667959270471454 147
1749863936718 0.6792391329120143 148
1749863987202 0.6745444487127136 149
1749864036993 0.6807037158153288 150
1749864100361 0.6812474291890295 151
1749864150148 0.6741622270426091 152
1749864200387 0.6834161252976895 153
1749864249516 0.672634236451614 154
1749864298657 0.669673710717278 155
1749864348896 0.6761823363609984 156
1749864398726 0.6806426684846938 157
1749864449363 0.6733537227605249 158
1749864499514 0.6685595573069287 159
1749864548482 0.6810742632791467 160
1749864598882 0.6698297052870726 161
1749864649593 0.682432591571676 162
1749864699535 0.6812978443798557 163
1749864750091 0.6759553940217141 164
1749864800621 0.6797173019081562 165
1749864849948 0.6740991741763038 166
1749864899488 0.679597852149729 167
1749864949411 0.6830053450637957 168
1749864999757 0.6736599514997993 169
1749865049374 0.6749488527128371 170
1749865099031 0.6771396056788366 171
1749865149625 0.6738763325697517 172
1749865199142 0.6703922592170906 173
1749865249074 0.6771278012607057 174
1749865298451 0.6747580772816828 175
1749865349651 0.6721778122086948 176
1749865399595 0.6768671429641223 177
1749865450400 0.6784821469164463 178
1749865504042 0.6724046380047464 179
1749865554177 0.670331141710338 180
1749865604466 0.6713417104456247 181
1749865654595 0.6783794899367314 182
1749865704591 0.669734740428916 183
1749865754590 0.6782186131233943 184
1749865804597 0.6714124461959752 185
1749865854984 0.6734039774150122 186
1749865905240 0.6737279031379337 187
1749865955217 0.6825876342209332 188
1749866006131 0.6710795204890715 189
1749866056259 0.6693214192196021 190
1749866105823 0.6790369450219017 191
1749866156421 0.6826355260233004 192
1749866206281 0.6682095668785668 193
1749866256074 0.6760208095695298 194
1749866306037 0.6773159459071615 195
1749866356233 0.6670401841187394 196
1749866406231 0.6777600671558295 197
1749866456563 0.6682688169731544 198
1749866506154 0.6769534482561846 199
1749866556413 0.6753697617966725 200
1749866606628 0.6757859664466117 201
1749866656625 0.6792757031405117 202
1749866706132 0.6771834551718859 203
1749866757074 0.6755903610932362 204
1749866807146 0.6761447708297745 205
1749866857986 0.669362201379349 206
1749866907487 0.6777091535661979 207
1749866958091 0.669993732200373 208
1749867007334 0.6744074116742085 209
1749867057404 0.6761772026390346 210
1749867106973 0.6741997777304108 211
1749867156787 0.6735498767978852 212
1749867206195 0.6768256466947304 213
1749867256535 0.6753086623212861 214
1749867306285 0.674898090627657 215
1749867357055 0.6756282445281918 216
1749867406646 0.677727172496432 217
1749867456562 0.6777010871841814 218
1749867506640 0.677133317396263 219
1749867556266 0.6776194781531371 220
1749867606065 0.6742732806251285 221
1749867656422 0.6757875182668446 222
1749867706757 0.6773648092278385 223
1749867756945 0.6686015279106745 224
1749867806988 0.6752739361280632 225
1749867857017 0.6701334252380609 226
1749867906431 0.6709393599254955 227
1749867956402 0.6690047855396434 228
1749868006884 0.6738557704126446 229
1749868057032 0.6715054750490186 230
1749868107283 0.673805074331838 231
1749868157390 0.6753804215573829 232
1749868207630 0.6720704326307313 233
1749868257728 0.681439710267752 234
1749868307528 0.6708974696583679 235
1749868358711 0.6776681262477328 236
1749868408751 0.6723598942542802 237
1749868458653 0.6720891378800944 238
1749868509283 0.6746320790227941 239
1749868559398 0.6784676136085316 240
1749868609035 0.6784350402617084 241
1749868658924 0.6741377444429628 242
1749868708948 0.6689487967358357 243
1749868758716 0.6751692701673294 244
1749868808807 0.66612127300209 245
1749868859603 0.6755116528955142 246
1749868909793 0.6749783420966844 247
1749868961647 0.672556853559302 248
1749869011503 0.6791938887280909 249
1749869061842 0.6758007189955249 250
1749869112271 0.6786642215900508 251
1749869162137 0.6718976677468369 252
1749869212386 0.6676228649526481 253
1749869262417 0.6765746173337247 254
1749869312443 0.6757899207726973 255
1749869363157 0.6706659859534794 256
1749869413513 0.6737794348370594 257
1749869463760 0.6753243076927059 258
1749869513605 0.6741540303206922 259
1749869564811 0.6699320653238438 260
1749869615320 0.6777513192287773 261
1749869665306 0.6697315694713502 262
1749869715397 0.6750762658697993 263
1749869764761 0.679745972275728 264
1749869814827 0.6710717663706999 265
1749869865465 0.680839288604837 266
1749869915877 0.6684819169833859 267
1749869965933 0.669643975872915 268
1749870017250 0.6761811038034152 269
1749870067253 0.677807906333652 270
1749870117163 0.6691438969494575 271
1749870167582 0.6724382648348337 272
1749870217607 0.6756429686962823 273
1749870267634 0.6789110260101314 274
1749870318359 0.678673365075471 275
1749870367915 0.6715393198066327 276
1749870418148 0.6774115467482338 277
1749870468735 0.6751935198380824 278
1749870518724 0.674774310057309 279
1749870568448 0.6758280826100087 280
1749870618638 0.6804927164158531 281
1749870668357 0.675781582684572 282
1749870718021 0.6745284732166132 283
1749870768308 0.6819563379562364 284
1749870818182 0.6741654555575024 285
1749870868008 0.667108921095834 286
1749870917727 0.6697703154705374 287
1749870967767 0.6702412568171688 288
1749871017205 0.6743237856289582 289
1749871067457 0.6752257258836868 290
1749871117943 0.6736963736367854 291
1749871167485 0.6778648299197245 292
1749871217991 0.6719879478955232 293
1749871267178 0.6751061973020581 294
1749871317633 0.6768978677340242 295
1749871368032 0.6776386311719265 296
1749871417620 0.6847239143103041 297
1749871468036 0.6782745456225803 298
1749871517867 0.668733689935319 299
1749871567974 0.6717616721349736 300
1749871617647 0.6735239021182448 301
1749871667226 0.6771933768531464 302
1749871716868 0.6721388101958942 303
1749871767315 0.6741865221234978 304
1749871817528 0.6761229693573729 305
1749871867088 0.6740263131080726 306
1749871917637 0.6756092074942418 307
1749871968175 0.6716584124144062 308
1749872018119 0.6731191494156018 309
1749872067951 0.6781724572975638 310
1749872118634 0.6803195022486501 311
1749872169219 0.6713352043063013 312
1749872219395 0.6697962424509657 313
1749872270963 0.6797435461810264 314
1749872321190 0.6695342076598964 315
1749872370487 0.6779285614255776 316
1749872420372 0.6679105798750044 317
1749872469723 0.6772271029431012 318
1749872519676 0.6791951135214398 319
1749872570138 0.6765018047812486 320
1749872620352 0.674876825367592 321
1749872670252 0.6733264261281671 322
1749872720756 0.6728062883081284 323
1749872770626 0.6825773359487893 324
1749872820511 0.6687008258634958 325
1749872870630 0.6831912325773292 326
1749872920785 0.675674672973352 327
1749872971278 0.6708043960265938 328
1749873021216 0.6713085823980285 329
1749873070997 0.6675722429928443 330
1749873121139 0.6745896576452325 331
1749873171316 0.6731702743963668 332
1749873221315 0.6741021627378753 333
1749873271803 0.6815167835525117 334
1749873321864 0.6716495082471485 335
1749873371584 0.6748930079525882 336
1749873421801 0.6750114782739476 337
1749873472126 0.6730360948142304 338
1749873522275 0.6735307434500665 339
1749873571493 0.6730194605980436 340
1749873621573 0.6764533979076277 341
1749873671441 0.6702817796164826 342
1749873721629 0.6712246728708706 343
1749873772121 0.6714334376271809 344
1749873822201 0.6810471529031085 345
1749873872858 0.6781576932352738 346
1749873923323 0.6751151883498883 347
1749873973027 0.6737255705072916 348
1749874023103 0.6691512239497278 349
1749874073842 0.6748659570308562 350
1749874123308 0.6737802824576636 351
1749874172886 0.6718495863066868 352
1749874223694 0.6721334600441456 353
1749874273414 0.6819274170649874 354
1749874323557 0.6862847812473402 355
1749874373827 0.6668296035161811 356
1749874423007 0.6717724221020089 357
1749874472981 0.6747338068565126 358
1749874523512 0.6738236442958526 359
1749874573251 0.6760958657253504 360
1749874623186 0.6684472084188454 361
1749874672779 0.6751659906933852 362
1749874722837 0.6742182491028418 363
1749874772543 0.6790655467589016 364
1749874823025 0.6745651720908337 365
1749874872880 0.6709610046608849 366
1749874921899 0.6720769240447184 367
1749874972350 0.6748114825874488 368
1749875022089 0.6681770743516009 369
1749875071913 0.6717277213779844 370
1749875122095 0.6728091374271351 371
1749875172166 0.6804654927572765 372
1749875222020 0.6764809541520843 373
1749875272895 0.675246401251176 374
1749875323131 0.6743748320364296 375
1749875372715 0.68165324248169 376
1749875423029 0.6716850616511306 377
1749875473316 0.6776533137797761 378
1749875523373 0.6731730978772984 379
1749875574122 0.6691957953142992 380
1749875623705 0.6663232252278313 381
1749875674004 0.6707899319184469 382
1749875724516 0.6787427929730828 383
1749875774811 0.6739632197126354 384
1749875824781 0.6741043569925314 385
1749875874875 0.6746064787449795 386
1749875924484 0.6728201192812016 387
1749875973812 0.6657952261654403 388
1749876023678 0.6759025961068277 389
1749876073258 0.6768321246601606 390
1749876122419 0.6674657650670017 391
1749876172925 0.6743345783058509 392
1749876223664 0.6693436258787646 393
1749876273354 0.6701578568544431 394
1749876323891 0.6744672775650006 395
1749876372319 0.6765712367273033 396
1749876421048 0.6734765136690714 397
1749876471040 0.6708836763729173 398
1749876521606 0.6733157640367464 399
1749876572784 0.6672826301788701 400
1749876621613 0.6705204297003702 401
1749876670522 0.675166043279934 402
1749876720018 0.6770965428517691 403
1749876770514 0.6752335524464851 404
1749876820342 0.6785658301196114 405
1749876870011 0.6713523710586388 406
1749876919885 0.6725518360810723 407
1749876969631 0.6730115125342718 408
1749877020279 0.6756119356054788 409
1749877070588 0.6739950183570209 410
1749877120345 0.6856031480309225 411
1749877170129 0.6719401064923236 412
1749877220533 0.6699044552065601 413
1749877270116 0.6718561269802725 414
1749877320310 0.6736851386276282 415
1749877369992 0.6770970381281923 416
1749877420525 0.6773418749438471 417
1749877468373 0.6765513153327929 418
1749877518592 0.6755078766836022 419
1749877568404 0.6749125004979311 420
1749877618432 0.6799110815314184 421
1749877669036 0.6698768878899767 422
1749877719135 0.6698275144788827 423
1749877769747 0.6748261168382328 424
1749877818469 0.6763832893595639 425
1749877867652 0.6696448678490782 426
1749877917327 0.6698931197939286 427
1749877967361 0.6747726138416132 428
1749878016311 0.6674817830859098 429
1749878065458 0.6827524321287025 430
1749878115887 0.671148977726825 431
1749878165942 0.6725636475962714 432
1749878215455 0.670524874184586 433
1749878265743 0.6826621719398688 434
1749878316225 0.668421032991858 435
1749878366516 0.6705493067069135 436
1749878416477 0.6765019523862612 437
1749878466472 0.6757443434868701 438
1749878516385 0.6827376227902291 439
1749878567074 0.6768882851750605 440
1749878617008 0.6714131758157137 441
1749878666616 0.6701982853102819 442
1749878717043 0.6769003907797736 443
1749878767139 0.6694499510692647 444
1749878816462 0.6693692947827508 445
1749878866744 0.6706154633865291 446
1749878917138 0.6763461762643904 447
1749878967071 0.6791855545677153 448
1749879016123 0.6695312396340785 449
1749879066025 0.6725649088539187 450
1749879115768 0.6771925189698805 451
1749879165565 0.6700379295264325 452
1749879215913 0.6772441950555289 453
1749879265703 0.6706414505169574 454
1749879315957 0.6828214470635151 455
1749879365658 0.6728041295343432 456
1749879415778 0.6748594177716327 457
1749879466289 0.6724637749850598 458
1749879516426 0.6767567753595124 459
1749879566494 0.6782617431945499 460
1749879616630 0.6702700734829868 461
1749879666421 0.677829477715317 462
1749879715814 0.6696519307670376 463
1749879766471 0.6733341128830552 464
1749879816265 0.6750932206666969 465
1749879867243 0.6710748870660886 466
1749879918324 0.6735034316761792 467
1749879967343 0.677422783973595 468
1749880018172 0.6728363324717208 469
1749880071248 0.6757146195903354 470
1749880121898 0.6707908770488648 471
1749880171675 0.6729040743019377 472
1749880221960 0.6751745165327144 473
1749880272113 0.6759886268669173 474
1749880321617 0.6733602739371012 475
1749880371242 0.6696570354320724 476
1749880420474 0.6677715874845925 477
1749880470197 0.6820902376614548 478
1749880520350 0.6726952276553615 479
1749880569900 0.6747583412708661 480
1749880620269 0.6752914457307816 481
1749880670649 0.6761901962310695 482
1749880720485 0.6808460659280097 483
1749880770703 0.6803801622690424 484
1749880821035 0.6734914711001968 485
1749880870738 0.6678808281401813 486
1749880921074 0.6854424645892263 487
1749880971754 0.6724898901279435 488
1749881021389 0.6651001564443519 489
1749881070983 0.6765882713632383 490
1749881121448 0.6774206166267157 491
1749881171348 0.6835993192749115 492
1749881221745 0.6826211172767012 493
1749881272000 0.6733906350727767 494
1749881321223 0.6754760400312352 495
1749881371051 0.6814079764044157 496
1749881421257 0.6760191719065094 497
1749881470987 0.6742585629416993 498
1749881520993 0.682816432110161 499
1749881571670 0.6804294735364608 500
1749881622053 0.6697547595293666 501
1749881672546 0.6751942249261482 502
1749881722742 0.6751504447392184 503
1749881772968 0.67013208687672 504
1749881822961 0.6650049866548116 505
1749881872899 0.6743024119922062 506
1749881923184 0.6728654771076191 507
1749881972649 0.6669901811530021 508
1749882022341 0.6764206186806367 509
1749882072717 0.6764940602610731 510
1749882121978 0.6753874821270366 511
1749882172312 0.6745171949440977 512
1749882222265 0.6758175814344277 513
1749882272357 0.6671246354904516 514
1749882318655 0.6688491912950463 515
1749882364040 0.6703380507744227 516
1749882408797 0.6730454496536057 517
1749882454003 0.6771302722071499 518
1749882499585 0.683247751524608 519
1749882545338 0.6765515327656259 520
1749882590956 0.6809503908819166 521
1749882636283 0.6738252137209271 522
1749882681433 0.6777381460066378 523
1749882727071 0.6724955046136978 524
1749882772330 0.6746235409472431 525
1749882818280 0.6760423037417084 526
1749882863618 0.6728213392408554 527
1749882909412 0.6792071816992875 528
1749882954627 0.6713663575548058 529
1749883000476 0.6663596779145299 530
1749883045306 0.6741835068410101 531
1749883090708 0.6680743315596442 532
1749883135649 0.6847061577801239 533
1749883180649 0.6752244899954881 534
1749883226016 0.6685438878380903 535
1749883271215 0.6680371585959024 536
1749883316760 0.6747853901455354 537
1749883362312 0.6760966058767031 538
1749883407679 0.6733441261299806 539
1749883453705 0.6762563794632267 540
1749883499192 0.6778565752322087 541
1749883544790 0.670360320866403 542
1749883589738 0.6741669976075323 543
1749883634690 0.6820866424368426 544
1749883680451 0.6748703566856799 545
1749883725630 0.6697025285766194 546
1749883770665 0.6752536992038299 547
1749883815111 0.6795350141712656 548
1749883860357 0.6683677631487555 549
1749883905732 0.675800586562116 550
1749883951919 0.6812752284957216 551
1749883996655 0.6809215202944725 552
1749884042094 0.6751191551479946 553
1749884087171 0.6737139477717162 554
1749884133296 0.6710342132644673 555
1749884178638 0.6776633067319622 556
1749884223668 0.6713006413027623 557
1749884268753 0.6712506509954873 558
1749884313972 0.6752545461136844 559
1749884359624 0.6756551658968336 560
1749884404939 0.6712766817632744 561
1749884450263 0.6731318084903135 562
1749884496019 0.670664976530746 563
1749884540862 0.670860173207427 564
1749884586470 0.6713813465420326 565
1749884631895 0.6742491786864142 566
1749884677910 0.6729780658780612 567
1749884722911 0.6720929359425355 568
1749884768384 0.6734715973989385 569
1749884813492 0.6765713497290795 570
1749884858928 0.6726317173239291 571
1749884904309 0.6723361339230891 572
1749884949488 0.6783138958659586 573
1749884994912 0.6746651521476426 574
1749885040016 0.6785439278303305 575
1749885085707 0.6712796070487385 576
1749885131148 0.6767546448942828 577
1749885176996 0.6703227302395256 578
1749885221892 0.6731138892617442 579
1749885267844 0.6741250167339541 580
1749885314001 0.6746544142519436 581
1749885360556 0.6732212866218643 582
1749885405739 0.6764697490957438 583
1749885450890 0.6814534005086295 584
1749885496292 0.6732465898757142 585
1749885542000 0.6740947217859272 586
1749885587216 0.6739506874255649 587
1749885632735 0.6793513901501523 588
1749885678190 0.6808853864730892 589
1749885723179 0.6775437107795919 590
1749885768758 0.676183532055697 591
1749885814222 0.6717878459280809 592
1749885859870 0.6713907897303262 593
1749885905482 0.6722319843196778 594
1749885951109 0.6747113535607492 595
1749885996194 0.6774217548158656 596
1749886041593 0.672929253225225 597
1749886087324 0.6779325252144517 598
1749886132653 0.6722152262030586 599
1749886178333 0.6816713846324056 600
1749886223791 0.6677196191898627 601
1749886268694 0.6724388007432018 602
1749886314245 0.6715860813946051 603
1749886359607 0.6593752123106659 604
1749886404700 0.671200413100988 605
1749886450560 0.6775946567418677 606
1749886495419 0.676341907744777 607
1749886540856 0.6737196882196286 608
1749886585173 0.6748555531937339 609
1749886630506 0.6742067543794308 610
1749886675937 0.6748132618193233 611
1749886721105 0.6794073059346567 612
1749886766090 0.6758587509743852 613
1749886811350 0.6724520354001298 614
1749886856939 0.6690811626100939 615
1749886902093 0.6704274283877659 616
1749886947109 0.6744366606919922 617
1749886992820 0.6770107224132889 618
1749887037956 0.6754694664921143 619
1749887083692 0.6790515478894291 620
1749887129438 0.6773017613591328 621
1749887174705 0.6733789232037848 622
1749887220036 0.6743103895677423 623
1749887264960 0.6714296803451301 624
1749887310171 0.6804758217173629 625
1749887355674 0.6734725487398497 626
1749887401974 0.6728816868084608 627
1749887446906 0.6768767799379158 628
1749887492359 0.6735549513193781 629
1749887537975 0.6736612258437371 630
1749887583395 0.6771504855842556 631
1749887629257 0.6724017516302291 632
1749887674252 0.680710973459377 633
1749887719641 0.6708285204671716 634
1749887765048 0.6721377064601093 635
1749887810494 0.6756624085719237 636
1749887856962 0.6745952462990664 637
1749887902071 0.6726607312157532 638
1749887947755 0.6700423382847353 639
1749887993296 0.6736086967033027 640
1749888038873 0.679363340495509 641
1749888084022 0.6771231971840925 642
1749888134929 0.6779900032409125 643
1749888180351 0.6715124654123815 644
1749888224797 0.6755404319860215 645
1749888270666 0.6792042126662016 646
1749888315935 0.6779577176241057 647
1749888361180 0.6734251385770914 648
1749888406739 0.6696496326132695 649
1749888451947 0.6786385136278598 650
1749888497381 0.6770935228756503 651
1749888542638 0.6724909068131398 652
1749888587879 0.6768572649224557 653
1749888632871 0.663293158663901 654
1749888678248 0.6680021646064399 655
1749888723397 0.6765081045311825 656
1749888768767 0.6793508977092783 657
1749888814285 0.6852823429945427 658
1749888859583 0.6724318719310601 659
1749888904866 0.6742776473142714 660
1749888950174 0.6768052770277183 661
1749888995115 0.6742387204866136 662
1749889040391 0.6750611284662322 663
1749889086219 0.6785671203221436 664
1749889131139 0.6725483504237368 665
1749889176231 0.6742608125886526 666
1749889221852 0.6784072123875076 667
1749889267042 0.6675538199107997 668
1749889312309 0.6690968611163978 669
1749889357021 0.6789002683209059 670
1749889402375 0.6716415334967314 671
1749889447708 0.6760560185615674 672
1749889493187 0.6778649554825515 673
1749889538662 0.6745558811661678 674
1749889584000 0.6723405752835956 675
1749889629289 0.6733166387887736 676
1749889675080 0.6816300181983489 677
1749889719747 0.6705644176570268 678
1749889764784 0.6681551026181038 679
1749889809850 0.6764311172858959 680
1749889855084 0.6684524321054245 681
1749889900880 0.6687538454466585 682
1749889945757 0.6791466138171086 683
1749889990905 0.6676357705428251 684
1749890036118 0.6737503573796874 685
1749890080675 0.6725407209427832 686
1749890125861 0.6689666108844352 687
1749890172097 0.6747748500960725 688
1749890217247 0.6729449845035043 689
