1749896547306 26.658667066646668 0
1749896597896 36.853157342132896 1
1749896647741 40.8029598520074 2
1749896698041 42.24788760561972 3
1749896748941 44.98775061246938 4
1749896799079 45.85270736463177 5
1749896850262 47.42262886855657 6
1749896900012 48.23258837058147 7
1749896950284 49.69251537423129 8
1749897000238 50.597470126493675 9
1749897050739 51.477426128693565 10
1749897100160 52.687365631718414 11
1749897150693 53.73231338433078 12
1749897200509 54.4372781360932 13
1749897250238 54.917254137293135 14
1749897299483 56.19719014049298 15
1749897349279 56.912154392280385 16
1749897399188 57.772111394430276 17
1749897449615 58.49207539623019 18
1749897499845 58.712064396780164 19
1749897549793 59.30203489825509 20
1749897599826 60.15199240037998 21
1749897650434 60.69196540172992 22
1749897700454 60.841957902104895 23
1749897750112 60.63196840157992 24
1749897800540 61.28693565321734 25
1749897850158 62.291885405729715 26
1749897899969 62.82185890705465 27
1749897949945 62.59187040647968 28
1749898000431 63.2068396580171 29
1749898050382 63.91180440977951 30
1749898100641 64.0517974101295 31
1749898150806 63.67681615919204 32
1749898200954 64.67176641167941 33
1749898251139 64.60176991150442 34
1749898300746 65.98670066496675 35
1749898350044 66.98165091745413 36
1749898402142 67.03164841757912 37
1749898452484 67.67161641917905 38
1749898502144 68.29658517074147 39
1749898551940 68.27658617069146 40
1749898601702 68.46657667116644 41
1749898651675 68.95155242237888 42
1749898701167 69.5415229238538 43
1749898751274 69.84150792460377 44
1749898801175 71.00644967751613 45
1749898852354 70.96645167741613 46
1749898902356 71.44642767861608 47
1749898953185 71.71641417929104 48
1749899003362 72.006399680016 49
1749899053111 72.54137293135344 50
1749899102519 73.00134993250337 51
1749899153281 72.8113594320284 52
1749899201752 72.7113644317784 53
1749899253006 72.99135043247837 54
1749899303775 73.31133443327833 55
1749899353516 73.77631118444077 56
1749899403393 74.12129393530323 57
1749899453154 73.80630968451577 58
1749899503245 73.80130993450328 59
1749899554920 73.88630568471577 60
1749899605105 74.4012799360032 61
1749899655125 74.08129593520324 62
1749899704608 74.29128543572821 63
1749899754798 74.52127393630319 64
1749899804735 74.27628618569072 65
1749899854855 74.72126393680315 66
1749899905013 74.79126043697815 67
1749899954984 74.81625918704064 68
1749900004370 74.33628318584071 69
1749900055266 74.63126843657817 70
1749900105993 74.84125793710315 71
1749900156092 75.15624218789061 72
1749900205656 74.59127043647818 73
1749900255404 75.0962451877406 74
1749900305058 74.72126393680315 75
1749900355403 74.64126793660317 76
1749900405071 74.21128943552823 77
1749900455323 74.98125093745313 78
1749900505682 74.70626468676566 79
1749900555380 74.96125193740313 80
1749900605533 74.91125443727813 81
1749900655650 74.62626868656567 82
1749900704815 74.65626718664066 83
1749900755032 74.83125843707815 84
1749900804486 74.97125143742812 85
1749900854003 75.04624768761562 86
1749900903308 75.30623468826559 87
1749900953423 75.06624668766561 88
1749901003801 74.96125193740313 89
1749901053104 74.73126343682816 90
1749901102972 75.1312434378281 91
1749901152451 75.1312434378281 92
1749901202400 75.1762411879406 93
1749901252745 75.00124993750312 94
1749901302970 75.15624218789061 95
1749901353108 75.14124293785311 96
1749901402674 74.83125843707815 97
1749901452740 75.14124293785311 98
1749901501910 75.28623568821558 99
1749901551974 75.1962401879906 100
1749901600721 75.01124943752812 101
1749901651121 74.96125193740313 102
1749901700810 75.2812359382031 103
1749901749347 74.85125743712814 104
1749901798476 74.88125593720314 105
1749901848143 75.02624868756563 106
1749901897889 74.93625318734064 107
1749901948705 74.91625418729063 108
1749901998334 74.91625418729063 109
1749902047572 75.25623718814059 110
1749902097173 74.78626068696565 111
1749902146848 75.1662416879156 112
1749902196500 75.34123293835309 113
1749902246121 74.99625018749063 114
1749902296146 74.83125843707815 115
1749902346080 75.18624068796561 116
1749902396239 74.74126293685316 117
1749902447333 75.08124593770312 118
1749902495950 74.98125093745313 119
1749902546322 74.96625168741564 120
1749902595893 74.79126043697815 121
1749902645065 75.32123393830308 122
1749902694713 74.81625918704064 123
1749902744784 75.1612419379031 124
1749902793956 75.06124693765312 125
1749902844508 75.22623868806559 126
1749902895002 75.03124843757813 127
1749902945157 74.95125243737813 128
1749902994787 75.11624418779061 129
1749903044581 75.18624068796561 130
1749903093698 74.70626468676566 131
1749903143024 75.02124893755312 132
1749903193016 75.2712364381781 133
1749903243337 74.55627218639069 134
1749903292153 74.88125593720314 135
1749903343099 75.1762411879406 136
1749903396964 74.64126793660317 137
1749903447879 74.92625368731564 138
1749903498612 74.91625418729063 139
1749903548636 75.11124443777811 140
1749903598510 75.1662416879156 141
1749903648671 75.1312434378281 142
1749903698386 75.1662416879156 143
1749903748326 74.93625318734064 144
1749903798049 74.98125093745313 145
1749903847968 74.66126693665316 146
1749903897418 75.02624868756563 147
1749903947334 75.10124493775311 148
1749903996935 75.1362431878406 149
1749904046954 74.96625168741564 150
1749904096960 74.71126443677817 151
1749904146518 75.47122643867807 152
1749904196151 74.98625068746563 153
1749904246164 74.68626568671566 154
1749904296165 74.97125143742812 155
1749904346153 75.29123543822809 156
1749904395243 75.26623668816559 157
1749904444593 75.1312434378281 158
1749904493966 74.98625068746563 159
1749904544423 74.96625168741564 160
1749904594262 74.84125793710315 161
1749904643453 74.97125143742812 162
1749904692984 74.93125343732814 163
1749904742721 75.14124293785311 164
1749904792064 74.72626368681566 165
1749904842373 75.1362431878406 166
1749904892478 75.1962401879906 167
1749904943376 75.2062396880156 168
1749904993204 74.99625018749063 169
1749905042912 74.97125143742812 170
1749905092061 75.1712414379281 171
1749905141937 75.41122943852807 172
1749905191865 74.97625118744062 173
1749905242221 74.75626218689065 174
1749905292256 75.1612419379031 175
1749905342351 75.2412379381031 176
1749905392335 74.97625118744062 177
1749905442609 75.04124793760312 178
1749905492688 75.31623418829058 179
1749905542988 75.10124493775311 180
1749905592478 74.83125843707815 181
1749905642705 74.56127193640317 182
1749905692436 75.1612419379031 183
1749905742154 75.14124293785311 184
1749905792748 75.10624468776561 185
1749905843133 74.87125643717815 186
1749905893012 75.22123893805309 187
1749905942744 74.76126193690315 188
1749905992683 74.56127193640317 189
1749906042762 75.10124493775311 190
1749906092602 75.22123893805309 191
1749906141520 74.89125543722814 192
1749906191544 75.1712414379281 193
1749906241327 74.67626618669067 194
1749906291505 74.73126343682816 195
1749906341157 75.32123393830308 196
1749906391200 75.1362431878406 197
1749906440481 75.06124693765312 198
1749906489931 75.08124593770312 199
1749906539676 75.1712414379281 200
1749906589270 74.70126493675316 201
1749906638814 75.40622968851558 202
1749906688586 74.90625468726563 203
1749906738205 74.77626118694066 204
1749906788235 74.90125493725314 205
1749906838644 74.69126543672816 206
1749906888376 74.86625668716565 207
1749906937992 75.00624968751562 208
1749906987341 74.97125143742812 209
1749907036502 74.95625218739063 210
1749907086893 74.84125793710315 211
1749907136944 75.05124743762812 212
1749907186319 75.06624668766561 213
1749907236400 75.15124243787811 214
1749907286685 74.86625668716565 215
1749907337082 75.26123693815309 216
1749907388648 74.52127393630319 217
1749907438889 75.1612419379031 218
1749907488808 74.65126743662817 219
1749907538614 74.25628718564072 220
1749907588774 74.88625568721564 221
1749907638849 74.86625668716565 222
1749907689070 74.92625368731564 223
1749907739663 74.66626668666567 224
1749907789056 74.92625368731564 225
1749907839233 75.2762361881906 226
1749907889134 75.1712414379281 227
1749907939048 75.00124993750312 228
1749907989714 74.69626518674066 229
1749908039634 74.90125493725314 230
1749908089576 75.02124893755312 231
1749908139380 75.1362431878406 232
1749908189746 74.95625218739063 233
1749908238819 75.00124993750312 234
1749908289481 74.80125993700315 235
1749908339147 74.74626268686566 236
1749908388943 74.79626018699065 237
1749908438863 75.2162391880406 238
1749908488394 74.99125043747813 239
1749908538556 75.33623318834059 240
1749908588163 75.10124493775311 241
1749908637980 74.84625768711564 242
1749908687018 75.04124793760312 243
1749908737013 75.01124943752812 244
1749908789632 74.80625968701565 245
1749908839744 75.11124443777811 246
1749908890001 75.01624918754062 247
1749908939529 74.64626768661567 248
1749908989701 75.10624468776561 249
1749909039258 74.89125543722814 250
1749909088595 75.06624668766561 251
1749909138619 75.06624668766561 252
1749909188271 75.36623168841558 253
1749909238696 74.88625568721564 254
1749909287927 75.15624218789061 255
1749909337369 75.42622868856557 256
1749909387243 74.85125743712814 257
1749909436817 75.45122743862807 258
1749909486411 74.80625968701565 259
1749909536031 75.08124593770312 260
1749909586049 75.30623468826559 261
1749909641941 74.94625268736563 262
1749909691253 74.81125943702816 263
1749909741621 74.94125293735313 264
1749909791797 74.79126043697815 265
1749909841677 74.80125993700315 266
1749909891225 74.97125143742812 267
1749909940921 74.79626018699065 268
1749909990785 75.09124543772812 269
1749910040986 75.2162391880406 270
1749910091496 74.90125493725314 271
1749910140402 74.90625468726563 272
1749910189497 74.90125493725314 273
1749910239288 74.71626418679067 274
1749910289747 75.14124293785311 275
1749910339398 75.01124943752812 276
1749910390119 74.89625518724064 277
1749910439535 74.75126243687815 278
1749910489673 74.59127043647818 279
1749910539249 75.40122993850308 280
1749910589453 75.04124793760312 281
1749910638495 74.98625068746563 282
1749910688610 74.69126543672816 283
1749910738830 74.72126393680315 284
1749910788850 75.2112394380281 285
1749910838841 74.86625668716565 286
1749910889101 74.82125893705314 287
1749910938986 74.85625718714064 288
1749910989331 74.93125343732814 289
1749911038802 75.26123693815309 290
1749911088183 75.26623668816559 291
1749911138568 74.95625218739063 292
1749911187805 75.07124643767811 293
1749911237074 74.64626768661567 294
1749911288796 74.59127043647818 295
1749911339090 74.76126193690315 296
1749911388331 74.85125743712814 297
1749911437506 75.02124893755312 298
1749911487307 75.26123693815309 299
1749911536826 75.2512374381281 300
1749911586633 75.00624968751562 301
1749911635604 74.87125643717815 302
1749911684665 75.1662416879156 303
1749911734478 74.96125193740313 304
1749911784339 74.4912754362282 305
1749911833897 74.95625218739063 306
1749911885052 75.07624618769061 307
1749911935312 74.89125543722814 308
1749911984942 75.10124493775311 309
1749912034772 74.73126343682816 310
1749912084727 75.05124743762812 311
1749912135183 74.84125793710315 312
1749912188228 75.09124543772812 313
1749912238495 75.08624568771562 314
1749912287912 74.74126293685316 315
1749912338022 75.09124543772812 316
1749912387657 75.00124993750312 317
1749912437834 74.79626018699065 318
1749912487971 75.1912404379781 319
1749912538150 74.80625968701565 320
1749912589121 74.75626218689065 321
1749912639708 74.74126293685316 322
1749912689155 74.81125943702816 323
1749912738376 74.86625668716565 324
1749912789923 75.15124243787811 325
1749912839257 74.99125043747813 326
1749912888628 74.83125843707815 327
1749912938150 74.66626668666567 328
1749912987756 75.2062396880156 329
1749913037011 75.1662416879156 330
1749913087223 74.99625018749063 331
1749913137294 75.04624768761562 332
1749913186674 74.84125793710315 333
1749913237627 74.88625568721564 334
1749913287718 74.54627268636568 335
1749913338333 74.48627568621569 336
1749913388430 74.92125393730313 337
1749913438788 75.10124493775311 338
1749913488531 75.18624068796561 339
1749913538427 74.56127193640317 340
1749913587745 75.14624268786561 341
1749913637437 74.77626118694066 342
1749913687239 74.78626068696565 343
1749913737513 74.73126343682816 344
1749913786805 75.36123193840308 345
1749913836732 75.04124793760312 346
1749913886420 75.22123893805309 347
1749913935927 74.90125493725314 348
1749913986741 75.03624818759062 349
1749914036288 74.77626118694066 350
1749914086527 75.46122693865307 351
1749914137354 74.3912804359782 352
1749914186787 75.12124393780311 353
1749914236371 75.10624468776561 354
1749914286870 74.90125493725314 355
1749914336785 75.25623718814059 356
1749914386395 75.14124293785311 357
1749914437001 75.60621968901555 358
1749914487309 74.81625918704064 359
1749914537411 75.26623668816559 360
1749914587906 75.18624068796561 361
1749914637685 75.39123043847808 362
1749914683249 74.86125693715314 363
1749914727966 74.67126643667817 364
1749914772460 75.49622518874057 365
1749914817205 74.88125593720314 366
1749914861519 75.18624068796561 367
1749914906112 74.85625718714064 368
1749914951683 74.77626118694066 369
1749914996062 75.07624618769061 370
1749915040758 75.18624068796561 371
1749915085298 75.08124593770312 372
1749915130484 75.2412379381031 373
1749915175773 74.89125543722814 374
1749915220348 75.2712364381781 375
1749915265481 74.95125243737813 376
1749915309206 75.1812409379531 377
1749915354282 74.84125793710315 378
1749915399395 74.97125143742812 379
1749915444261 75.0962451877406 380
1749915488215 75.2462376881156 381
1749915532990 75.08124593770312 382
1749915577939 75.05624718764062 383
1749915622243 74.74626268686566 384
1749915667097 75.1812409379531 385
1749915712157 75.04624768761562 386
1749915757187 75.01624918754062 387
1749915802256 75.38123093845307 388
1749915846931 74.85125743712814 389
1749915892261 74.63626818659067 390
1749915937325 74.96125193740313 391
1749915982397 75.08124593770312 392
1749916027005 75.33123343832808 393
1749916071736 75.30123493825309 394
1749916116737 74.63626818659067 395
1749916161790 75.50622468876556 396
1749916205969 74.71626418679067 397
1749916250736 75.1962401879906 398
1749916294872 74.83125843707815 399
1749916339705 75.14124293785311 400
1749916384524 75.1362431878406 401
1749916429470 74.85625718714064 402
1749916474179 75.08124593770312 403
1749916519689 74.80125993700315 404
1749916563716 74.87125643717815 405
1749916608143 74.70126493675316 406
1749916652438 74.94625268736563 407
1749916697720 74.55127243637818 408
1749916742639 75.36123193840308 409
1749916786955 74.70126493675316 410
1749916831474 75.10124493775311 411
1749916876651 74.97125143742812 412
1749916921420 74.77626118694066 413
1749916966845 74.71126443677817 414
1749917011763 75.1262436878156 415
1749917057672 75.44122793860306 416
1749917103434 75.2462376881156 417
1749917148756 74.89625518724064 418
1749917193678 75.30623468826559 419
1749917238522 74.88625568721564 420
1749917283424 74.83625818709065 421
1749917328617 74.88625568721564 422
1749917373679 74.94625268736563 423
1749917418279 75.08624568771562 424
1749917463085 75.1612419379031 425
1749917507984 75.1362431878406 426
1749917552960 74.4212789360532 427
1749917598012 75.2162391880406 428
1749917642500 74.93125343732814 429
1749917690658 75.32123393830308 430
1749917735680 75.36123193840308 431
1749917780550 75.12124393780311 432
1749917825460 75.26623668816559 433
1749917870524 74.75126243687815 434
1749917915512 75.1662416879156 435
1749917959525 75.07624618769061 436
1749918004551 75.08124593770312 437
1749918048742 74.67126643667817 438
1749918092576 75.40622968851558 439
1749918136508 74.73126343682816 440
1749918181448 74.58127093645318 441
1749918226448 75.01124943752812 442
1749918271748 74.83625818709065 443
1749918316090 75.07624618769061 444
1749918360223 75.05624718764062 445
1749918405041 74.4312784360782 446
1749918449843 75.11124443777811 447
1749918494787 74.84125793710315 448
1749918539612 75.07124643767811 449
1749918583845 75.15624218789061 450
1749918628806 74.85125743712814 451
1749918673762 74.85125743712814 452
1749918718010 75.31123443827809 453
1749918763151 74.88625568721564 454
1749918808122 74.90625468726563 455
1749918853080 75.55622218889056 456
1749918898243 74.94625268736563 457
1749918943198 74.86625668716565 458
1749918987344 74.82125893705314 459
1749919031779 74.90125493725314 460
1749919077285 74.96625168741564 461
1749919121800 75.14124293785311 462
1749919166749 74.98125093745313 463
1749919210965 75.1762411879406 464
1749919255740 74.91125443727813 465
1749919300668 74.81625918704064 466
1749919345599 74.89625518724064 467
1749919390462 75.26623668816559 468
1749919434839 75.1812409379531 469
1749919479978 75.26123693815309 470
1749919524172 75.49122543872807 471
1749919568632 74.93625318734064 472
1749919614301 74.73126343682816 473
1749919659320 75.1362431878406 474
1749919704613 75.07124643767811 475
1749919749065 74.82625868706565 476
1749919793452 75.01124943752812 477
1749919838258 75.10124493775311 478
1749919882934 75.15624218789061 479
1749919927669 74.60626968651567 480
1749919972561 74.70626468676566 481
1749920017714 75.33123343832808 482
1749920062539 75.1312434378281 483
1749920107286 74.92625368731564 484
1749920152619 74.92625368731564 485
1749920197536 75.05624718764062 486
1749920242199 74.78126093695315 487
1749920286770 74.81625918704064 488
1749920331436 75.2012399380031 489
1749920375932 74.74126293685316 490
1749920420669 74.93125343732814 491
1749920464995 74.70126493675316 492
1749920509828 75.1762411879406 493
1749920554653 74.74126293685316 494
1749920599008 74.67126643667817 495
1749920643948 74.80625968701565 496
1749920688522 75.07124643767811 497
1749920733428 74.89625518724064 498
1749920778191 74.87625618719063 499
1749896547306 26.658667066646668 0
