1749896547279 1.7984876098659515 0
1749896597872 1.6023852108037566 1
1749896647681 1.51494484394528 2
1749896698006 1.4754911306577767 3
1749896748911 1.4211996044494422 4
1749896799020 1.3869167175670127 5
1749896850237 1.3553625738183879 6
1749896899975 1.3416427436289051 7
1749896950233 1.315671730223885 8
1749897000199 1.2940987143228784 9
1749897050686 1.270880189292294 10
1749897100117 1.247443520964983 11
1749897150620 1.2285393765613881 12
1749897200477 1.2079595993425922 13
1749897250200 1.1840587314155888 14
1749897299439 1.1635828108604203 15
1749897349233 1.1409542607185894 16
1749897399126 1.1258097113826788 17
1749897449562 1.104179940076597 18
1749897499790 1.0918933317906367 19
1749897549753 1.0762439109055342 20
1749897599788 1.0617027572527937 21
1749897650395 1.0518755152516828 22
1749897700416 1.0393244386416638 23
1749897750072 1.029076077450419 24
1749897800503 1.0288492574148682 25
1749897850119 1.008370888953769 26
1749897899935 0.9967404162965413 27
1749897949912 0.9879033504608339 28
1749898000384 0.9749731304377585 29
1749898050345 0.9634625123599835 30
1749898100576 0.9623990421999717 31
1749898150770 0.9578052556703677 32
1749898200913 0.9444388317589709 33
1749898251096 0.9387512540085352 34
1749898300706 0.8973520713402959 35
1749898350005 0.8815489579400958 36
1749898402091 0.8684113223989822 37
1749898452416 0.8544359979114081 38
1749898502103 0.8448199861306297 39
1749898551907 0.8411076611968542 40
1749898601639 0.8296372286156234 41
1749898651633 0.8179814821956357 42
1749898701134 0.8074442034786651 43
1749898751215 0.7907850990640622 44
1749898801100 0.7720472115193908 45
1749898852311 0.7693677134240046 46
1749898902309 0.7595356656494072 47
1749898953141 0.7582777504992243 48
1749899003322 0.7459413360151123 49
1749899053062 0.7382234683436613 50
1749899102463 0.7266280719753647 51
1749899153244 0.7275655616325686 52
1749899201708 0.7195408946603222 53
1749899252956 0.7161966165204828 54
1749899303725 0.7081010871285546 55
1749899353488 0.6992272882960772 56
1749899403350 0.6946430860441999 57
1749899453118 0.6992419043169469 58
1749899503194 0.6974943962152478 59
1749899554873 0.6997000668148513 60
1749899605074 0.6867029617967668 61
1749899655059 0.6927303907412433 62
1749899704558 0.686643605327363 63
1749899754744 0.6876271286014796 64
1749899804684 0.6830550460515991 65
1749899854835 0.6728285986818937 66
1749899904945 0.6774475038674442 67
1749899954928 0.6770821982196292 68
1749900004316 0.6808768791214513 69
1749900055209 0.6749674694686286 70
1749900105959 0.677431585910791 71
1749900156031 0.6703473926413763 72
1749900205618 0.6752417917720444 73
1749900255353 0.671307012317321 74
1749900305021 0.6788010254757838 75
1749900355343 0.6734083482807418 76
1749900405030 0.6825441681826439 77
1749900455246 0.6678714364488437 78
1749900505642 0.6750729337278197 79
1749900555330 0.673611667086087 80
1749900605478 0.6686586126387879 81
1749900655611 0.6753593974665137 82
1749900704782 0.6737060349474286 83
1749900754980 0.666341647463294 84
1749900804444 0.6729784459151313 85
1749900853971 0.6668167720436543 86
1749900903260 0.6722299266275571 87
1749900953376 0.665564389308851 88
1749901003760 0.6674976248783407 89
1749901053023 0.6770228249008349 90
1749901102911 0.6637605888164911 91
1749901152410 0.6641449189908468 92
1749901202365 0.6668499364572062 93
1749901252695 0.6694699125645668 94
1749901302931 0.6660856139832131 95
1749901353049 0.6634708111729958 96
1749901402628 0.6698889824475213 97
1749901452701 0.6671148792105158 98
1749901501874 0.6689569312246745 99
1749901551928 0.6707502161316332 100
1749901600676 0.6723552179553498 101
1749901651040 0.6719151944626598 102
1749901700772 0.6665579505630936 103
1749901749287 0.673786419499523 104
1749901798424 0.6708439359616759 105
1749901848094 0.6681988880542641 106
1749901897839 0.6671889132484484 107
1749901948661 0.6663022478767219 108
1749901998294 0.6729265956853391 109
1749902047505 0.6701868029393159 110
1749902097140 0.6720681246844097 111
1749902146783 0.6665064663322239 112
1749902196453 0.6679451809477505 113
1749902246070 0.6687201062868038 114
1749902296096 0.6653490122985998 115
1749902346021 0.6682585637740246 116
1749902396203 0.6679589916744233 117
1749902447290 0.6658371909160231 118
1749902495878 0.6650682127324946 119
1749902546273 0.6646512865787011 120
1749902595854 0.6669029050110998 121
1749902645009 0.6651217013092364 122
1749902694670 0.6699061038899282 123
1749902744747 0.6663140082710144 124
1749902793908 0.6677900931995027 125
1749902844447 0.6662471923021833 126
1749902894955 0.6704745839687652 127
1749902945104 0.6630626510342421 128
1749902994739 0.6675436010265832 129
1749903044502 0.6684049241072321 130
1749903093653 0.6720287213354824 131
1749903142979 0.6679017826274815 132
1749903192976 0.6671407017777925 133
1749903243265 0.6729840238382444 134
1749903292093 0.6711695902967779 135
1749903342990 0.6638240342342605 136
1749903396918 0.6702337504047124 137
1749903447805 0.6686592712342027 138
1749903498563 0.669983816092613 139
1749903548536 0.6618000461822044 140
1749903598471 0.6606100646667281 141
1749903648614 0.6612191177011698 142
1749903698341 0.6636071627424405 143
1749903748272 0.6697761099980203 144
1749903798010 0.6700023723884759 145
1749903847923 0.6665073724682525 146
1749903897371 0.6674981164022106 147
1749903947276 0.6622807879840354 148
1749903996887 0.669724863807259 149
1749904046915 0.6709249902770469 150
1749904096919 0.674858097675222 151
1749904146478 0.6650348563688016 152
1749904196107 0.6620560509164025 153
1749904246096 0.6689476882223546 154
1749904296109 0.6727822200391396 155
1749904346087 0.6591374877750692 156
1749904395206 0.6654091154353081 157
1749904444531 0.6683815422424444 158
1749904493924 0.6683141042185357 159
1749904544385 0.6746328638888522 160
1749904594209 0.6782507391583511 161
1749904643414 0.6668714128442481 162
1749904692936 0.6642735956829849 163
1749904742660 0.6644938963126269 164
1749904792012 0.6705724087532005 165
1749904842331 0.6661632596313265 166
1749904892421 0.6657972320080591 167
1749904943308 0.6616423555829692 168
1749904993125 0.6608484786684218 169
1749905042860 0.67299187435267 170
1749905092007 0.6620539428333908 171
1749905141874 0.6649806954599513 172
1749905191792 0.667738548970617 173
1749905242124 0.6695476891139073 174
1749905292183 0.666255851548198 175
1749905342306 0.6634467681952282 176
1749905392287 0.6708339593939874 177
1749905442522 0.6630251777243015 178
1749905492583 0.6653169800365492 179
1749905542907 0.6661841821792119 180
1749905592431 0.6722261151455801 181
1749905642631 0.6718286998057018 182
1749905692375 0.6635731959496729 183
1749905742089 0.6712475711331058 184
1749905792704 0.6698461734535134 185
1749905843086 0.667661351043876 186
1749905892960 0.6628144996535577 187
1749905942690 0.6695410066661546 188
1749905992624 0.6764840148018691 189
1749906042714 0.6625329720593114 190
1749906092524 0.6610990694943478 191
1749906141462 0.6629940426520696 192
1749906191481 0.6661815039725419 193
1749906241263 0.6692172056209754 194
1749906291431 0.6729549983639543 195
1749906341096 0.6652698094687112 196
1749906391147 0.6654778134315635 197
1749906440424 0.663249664478353 198
1749906489880 0.6708609165593891 199
1749906539626 0.664733744795266 200
1749906589224 0.6714062096431764 201
1749906638766 0.6640590339247915 202
1749906688514 0.6778733998911064 203
1749906738148 0.668431949524735 204
1749906788185 0.6674116168413858 205
1749906838599 0.6708917613506532 206
1749906888334 0.6702570580938781 207
1749906937928 0.6679374969872491 208
1749906987294 0.6725415651944034 209
1749907036431 0.6756949134900757 210
1749907086827 0.6694990600981771 211
1749907136887 0.6696026842866288 212
1749907186270 0.6606505731914433 213
1749907236330 0.6694014129725213 214
1749907286636 0.66741327057227 215
1749907337038 0.6662569650262185 216
1749907388542 0.6696082615839244 217
1749907438847 0.6656943927329276 218
1749907488742 0.6708052118333195 219
1749907538566 0.6708006295470749 220
1749907588722 0.6653986453270949 221
1749907638781 0.669453391752674 222
1749907689026 0.6703560871064337 223
1749907739600 0.6704984586589975 224
1749907789005 0.6702115889069653 225
1749907839172 0.6618761445312439 226
1749907889090 0.6694948899377007 227
1749907939010 0.6669346825354493 228
1749907989627 0.6721546195231761 229
1749908039588 0.6675551695450503 230
1749908089494 0.6683833053198727 231
1749908139318 0.6652845254356126 232
1749908189673 0.66828499333357 233
1749908238778 0.6661058567826804 234
1749908289445 0.6731481308323414 235
1749908339062 0.6716200216228584 236
1749908388910 0.6694956031550611 237
1749908438818 0.6690019544637368 238
1749908488324 0.6648907684176023 239
1749908538492 0.6638445091762517 240
1749908588123 0.6673169275276852 241
1749908637948 0.668848514492813 242
1749908686976 0.6677938365595357 243
1749908736962 0.6728019745348335 244
1749908789571 0.6661381961601889 245
1749908839688 0.6666860936772888 246
1749908889951 0.6628507500076036 247
1749908939469 0.6685908933215167 248
1749908989656 0.6632116013041472 249
1749909039212 0.6654662022882208 250
1749909088520 0.6646377846250701 251
1749909138557 0.6655965741426885 252
1749909188218 0.6652881587977935 253
1749909238640 0.669808309645386 254
1749909287876 0.6655711843266403 255
1749909337328 0.66208417512412 256
1749909387195 0.6712973101676318 257
1749909436776 0.6628858211558912 258
1749909486361 0.6720147173007807 259
1749909535998 0.6696891806839788 260
1749909586006 0.6624658999029687 261
1749909641884 0.6651168705719626 262
1749909691216 0.6657274712604807 263
1749909741538 0.6698775150186925 264
1749909791739 0.6749047360821465 265
1749909841625 0.6634626856095064 266
1749909891176 0.6627243088822705 267
1749909940872 0.6706500193797483 268
1749909990742 0.6688518832399931 269
1749910040919 0.6642391133604035 270
1749910091423 0.670564821494066 271
1749910140353 0.6718733282388673 272
1749910189444 0.6727656034652987 273
1749910239233 0.6719966697177913 274
1749910289697 0.6693771037258068 275
1749910339334 0.6662190624561485 276
1749910390049 0.673809531676603 277
1749910439476 0.672120755180455 278
1749910489622 0.6735342271887871 279
1749910539174 0.6621562277315307 280
1749910589404 0.6622356959840225 281
1749910638447 0.6683519003147018 282
1749910688558 0.6675375236117191 283
1749910738775 0.6758164074947093 284
1749910788757 0.6665925547263782 285
1749910838810 0.670594936778835 286
1749910889007 0.6699525587356459 287
1749910938954 0.6735320396005771 288
1749910989293 0.6712950894498365 289
1749911038750 0.6636206643962007 290
1749911088126 0.662422041823927 291
1749911138498 0.673681763075428 292
1749911187751 0.6657323310520761 293
1749911237032 0.6715263227360957 294
1749911288759 0.6726504204350825 295
1749911339022 0.6704250364671689 296
1749911388282 0.6686276987215131 297
1749911437442 0.6688700893522352 298
1749911487260 0.6692803940900081 299
1749911536759 0.6596841080225346 300
1749911586585 0.6671460386803165 301
1749911635545 0.6631787917116913 302
1749911684605 0.6632605252948488 303
1749911734433 0.666240483300399 304
1749911784287 0.6750938988144377 305
1749911833824 0.6685931681714996 306
1749911884998 0.6706698442732034 307
1749911935263 0.6677695267846016 308
1749911984876 0.667153878087646 309
1749912034716 0.6623906478405738 310
1749912084697 0.66704733514421 311
1749912135127 0.669756519182653 312
1749912188170 0.662585428384392 313
1749912238439 0.6624332663119004 314
1749912287865 0.6725126881342185 315
1749912337950 0.6656121800666535 316
1749912387603 0.6679333527680248 317
1749912437787 0.6695546879559796 318
1749912487918 0.6697152838588483 319
1749912538108 0.6694341308489113 320
1749912589076 0.672194314625232 321
1749912639646 0.670164032884359 322
1749912689096 0.6700401664984166 323
1749912738292 0.6685847644358658 324
1749912789864 0.6698440733948181 325
1749912839191 0.667902380959653 326
1749912888584 0.6645626343403404 327
1749912938093 0.6664879747160876 328
1749912987693 0.6652034212783494 329
1749913036971 0.664065606987099 330
1749913087180 0.6670760767476915 331
1749913137253 0.6683337708397702 332
1749913186627 0.6719624672548263 333
1749913237574 0.6665457901278291 334
1749913287639 0.6696266835078342 335
1749913338277 0.6753963965081279 336
1749913388363 0.6715895647818098 337
1749913438738 0.6683143171391501 338
1749913488462 0.6655039623745512 339
1749913538386 0.6699134440942023 340
1749913587669 0.6630567908793662 341
1749913637387 0.668967630310563 342
1749913687186 0.6745630199104826 343
1749913737461 0.6759566635088613 344
1749913786762 0.6668981089364778 345
1749913836674 0.6680759087329352 346
1749913886365 0.6665041257033294 347
1749913935888 0.6717624137666331 348
1749913986685 0.6705674690506731 349
1749914036226 0.6685912313356882 350
1749914086468 0.657082442724492 351
1749914137262 0.6787385392752857 352
1749914186737 0.6699630936636495 353
1749914236289 0.6681699823256785 354
1749914286836 0.6638286667200072 355
1749914336724 0.6670218958266512 356
1749914386351 0.6674122930759132 357
1749914436971 0.6607232130406457 358
1749914487251 0.6707950955205879 359
1749914537378 0.6704809560423391 360
1749914587817 0.6657122214355086 361
1749914637632 0.6667966739026423 362
1749914683206 0.6626817300587164 363
1749914727930 0.6776933733558832 364
1749914772422 0.6599293735738242 365
1749914817159 0.6725664410633911 366
1749914861478 0.6652250191335839 367
1749914906068 0.67076556816452 368
1749914951637 0.6700506806284193 369
1749914996012 0.6661598658890707 370
1749915040711 0.6715918652123615 371
1749915085255 0.6683249739037592 372
1749915130438 0.6596508274900396 373
1749915175731 0.673965905602053 374
1749915220302 0.6639668695223724 375
1749915265432 0.6682291172795353 376
1749915309166 0.6672048304064394 377
1749915354221 0.6737525848727018 378
1749915399356 0.6694422985302896 379
1749915444219 0.6648827037610541 380
1749915488176 0.6693375459713171 381
1749915532942 0.6632389562912901 382
1749915577902 0.6683678940518917 383
1749915622203 0.6716954349107364 384
1749915667056 0.6686036650296849 385
1749915712113 0.6666266303789787 386
1749915757158 0.6644931441425985 387
1749915802222 0.6592222816333593 388
1749915846902 0.6734345580785193 389
1749915892220 0.6745466531965054 390
1749915937272 0.6637775418296692 391
1749915982349 0.6734444365254773 392
1749916026960 0.6646395153918508 393
1749916071687 0.6626351438732804 394
1749916116694 0.6697758204292925 395
1749916161755 0.6589467762060509 396
1749916205940 0.6700475964449172 397
1749916250692 0.6652836980751041 398
1749916294828 0.6711231546725972 399
1749916339659 0.6652384417622419 400
1749916384478 0.6672615639049229 401
1749916429428 0.6668650038712836 402
1749916474144 0.6673742683462712 403
1749916519643 0.6691183223169355 404
1749916563672 0.6745108726155632 405
1749916608098 0.668539576846703 406
1749916652405 0.6703488882687871 407
1749916697671 0.678061040508355 408
1749916742588 0.6661938995586313 409
1749916786922 0.6744402356460317 410
1749916831431 0.6677313047008099 411
1749916876599 0.6703401897097938 412
1749916921365 0.6695501706128263 413
1749916966796 0.6733614054061634 414
1749917011723 0.6595635651099754 415
1749917057597 0.6580680366170615 416
1749917103377 0.6617178734132443 417
1749917148704 0.6704385926422969 418
1749917193630 0.666231026512868 419
1749917238474 0.6703920902106102 420
1749917283376 0.6674149610967518 421
1749917328558 0.6649991987907948 422
1749917373636 0.6701994167857 423
1749917418240 0.6660269807621298 424
1749917463036 0.6628460177337698 425
1749917507944 0.6592844844990913 426
1749917552910 0.6790249742547796 427
1749917597970 0.6631096848285343 428
1749917642454 0.6692674446832948 429
1749917690613 0.6631973489875359 430
1749917735618 0.6626362250236373 431
1749917780494 0.668404740754631 432
1749917825417 0.663825081609099 433
1749917870478 0.6704564707129367 434
1749917915479 0.6642481677919965 435
1749917959474 0.6651574219174936 436
1749918004507 0.6668986190432853 437
1749918048696 0.6726412394989563 438
1749918092514 0.6644441825093481 439
1749918136472 0.6682653361606894 440
1749918181405 0.672187450641239 441
1749918226400 0.6680430257681292 442
1749918271692 0.6722407294633322 443
1749918316054 0.6702071214150169 444
1749918360177 0.673440792305363 445
1749918404998 0.6759452120070875 446
1749918449797 0.6693949930537111 447
1749918494735 0.6674561379133275 448
1749918539548 0.6643611743422628 449
1749918583796 0.6651522492558997 450
1749918628766 0.674249869931621 451
1749918673721 0.6673310443250116 452
1749918717955 0.6648199486497652 453
1749918763070 0.6754323177282314 454
1749918808073 0.6710316289943979 455
1749918853039 0.6534147776577999 456
1749918898205 0.6651101260421846 457
1749918943168 0.6686498174356953 458
1749918987305 0.670703272421968 459
1749919031728 0.6694567347757757 460
1749919077244 0.6754523249490458 461
1749919121750 0.6642913352274357 462
1749919166702 0.6658087114913244 463
1749919210911 0.6660673754476654 464
1749919255684 0.6605703531041824 465
1749919300623 0.6724776786838048 466
1749919345550 0.669965244210915 467
1749919390417 0.6642408520765564 468
1749919434785 0.665197918423533 469
1749919479929 0.6628547153897979 470
1749919524129 0.6597594980251598 471
1749919568583 0.6673365086389819 472
1749919614257 0.6709213766447399 473
1749919659272 0.6704866199497937 474
1749919704582 0.66764699365549 475
1749919749014 0.6731312684776258 476
1749919793412 0.6688393408832214 477
1749919838201 0.6673235517759024 478
1749919882900 0.6713846428359391 479
1749919927631 0.6717647322229633 480
1749919972504 0.6691427958452083 481
1749920017663 0.6672201924017445 482
1749920062482 0.6628047691173038 483
1749920107238 0.666405953761548 484
1749920152564 0.6703134511841589 485
1749920197489 0.6747416691877599 486
1749920242157 0.6678891508175513 487
1749920286735 0.6744423239721393 488
1749920331394 0.6672689734825545 489
1749920375882 0.6712463321873418 490
1749920420608 0.6710823541712472 491
1749920464937 0.6743982939903489 492
1749920509768 0.6733159938778545 493
1749920554555 0.6738967103729497 494
1749920598962 0.6732949391346408 495
1749920643914 0.6738829021066208 496
1749920688465 0.6644630433812653 497
1749920733380 0.668344478664753 498
1749920778130 0.6689398411595638 499
1749896547279 1.7984876098659515 0
