1749827238428 24.768761561921902 0
1749827292047 33.83830808459577 1
1749827344729 39.76801159942003 2
1749827398206 42.96285185740713 3
1749827451346 44.98775061246938 4
1749827498075 46.372681365931705 5
1749827541138 47.61261936903155 6
1749827583799 48.56757162141893 7
1749827627027 49.36753162341883 8
1749827669952 50.29748512574371 9
1749827712686 51.1574421278936 10
1749827755422 51.87240637968102 11
1749827798946 53.07234638268086 12
1749827844581 53.607319634018296 13
1749827890301 54.87725613719314 14
1749827936207 56.04219789010549 15
1749827981998 56.32218389080546 16
1749828027671 57.127143642817856 17
1749828072949 57.90210489475526 18
1749828118914 58.15709214539273 19
1749828164810 58.60206989650518 20
1749828210344 59.1970401479926 21
1749828255719 59.68701564921754 22
1749828301243 61.04194790260487 23
1749828346617 61.351932403379834 24
1749828392067 61.83690815459227 25
1749828437442 61.896905154742264 26
1749828483307 61.91190440477976 27
1749828529374 64.29678516074196 28
1749828575032 65.02174891255437 29
1749828620273 65.07174641267936 30
1749828665689 65.63671816409179 31
1749828710572 66.06169691515424 32
1749828756085 65.6567171641418 33
1749828801483 66.54167291635419 34
1749828847082 66.80165991700414 35
1749828892242 66.89165541722915 36
1749828938043 68.39658017099146 37
1749828983382 68.46657667116644 38
1749829030149 69.17154142292885 39
1749829075055 69.04154792260387 40
1749829121175 69.45152742362882 41
1749829166629 70.04649767511624 42
1749829212791 69.95650217489126 43
1749829257974 70.80145992700365 44
1749829304183 70.65146742662867 45
1749829350049 70.91645417729113 46
1749829395632 71.2164391780411 47
1749829441050 71.10144492775362 48
1749829487034 71.62641867906605 49
1749829532492 71.51642417879106 50
1749829578034 71.60641967901604 51
1749829623688 71.69641517924104 52
1749829669197 72.23138843057848 53
1749829714880 72.05139743012849 54
1749829760477 71.84140792960352 55
1749829806239 72.33138343082845 56
1749829851943 72.29638518074097 57
1749829897682 72.50137493125344 58
1749829943226 72.43137843107844 59
1749829988924 72.49637518124094 60
1749830034114 72.64636768161591 61
1749830079497 72.7813609319534 62
1749830125656 72.72136393180341 63
1749830171346 72.71636418179091 64
1749830216595 72.43137843107844 65
1749830262559 72.34138293085346 66
1749830308047 72.64636768161591 67
1749830353453 72.76136193190341 68
1749830398875 73.12634368281586 69
1749830444960 73.07634618269087 70
1749830490301 72.65636718164092 71
1749830535954 72.76636168191591 72
1749830581772 72.7763611819409 73
1749830626977 73.00634968251588 74
1749830672761 73.42632868356583 75
1749830718144 73.12134393280336 76
1749830763360 72.94635268236588 77
1749830808306 73.03134843257837 78
1749830853889 72.91635418229089 79
1749830899643 72.8063596820159 80
1749830944716 72.90635468226589 81
1749830990910 73.37133143342832 82
1749831038192 72.87135643217839 83
1749831083430 73.15634218289085 84
1749831128735 72.8213589320534 85
1749831173610 72.8513574321284 86
1749831219680 73.23633818309085 87
1749831265174 72.99635018249087 88
1749831310314 72.94135293235338 89
1749831355737 73.00134993250337 90
1749831400604 73.03634818259087 91
1749831446073 73.03134843257837 92
1749831491743 73.5663216839158 93
1749831536579 72.97635118244088 94
1749831582349 73.33633318334083 95
1749831627385 72.98135093245338 96
1749831672735 73.32133393330334 97
1749831717718 72.95635218239089 98
1749831763702 73.30633468326583 99
1749831809285 73.00134993250337 100
1749831854715 73.11134443277837 101
1749831899974 73.17634118294086 102
1749831945371 72.95635218239089 103
1749831990944 73.16134193290335 104
1749832036685 72.8913554322284 105
1749832081725 72.7063646817659 106
1749832126915 72.95635218239089 107
1749832172848 73.13634318284086 108
1749832218489 73.09634518274086 109
1749832264018 72.52637368131593 110
1749832309119 72.73136343182841 111
1749832354652 72.87135643217839 112
1749832400116 72.56137193140343 113
1749832445494 72.97135143242838 114
1749832490450 73.08634568271586 115
1749832535746 72.88635568221589 116
1749832581083 72.8063596820159 117
1749832625799 73.08634568271586 118
1749832671785 72.98135093245338 119
1749832717621 72.62136893155342 120
1749832763308 72.86635668216589 121
1749832809026 72.7463626818659 122
1749832854461 72.8263586820659 123
1749832900008 72.7963601819909 124
1749832945571 72.61136943152843 125
1749832991010 72.92635368231588 126
1749833036321 72.8313584320784 127
1749833081775 72.86635668216589 128
1749833126824 73.00134993250337 129
1749833172157 73.00134993250337 130
1749833217273 72.69136543172841 131
1749833263368 72.83635818209089 132
1749833308815 72.69136543172841 133
1749833353604 72.61136943152843 134
1749833398966 73.09134543272836 135
1749833444521 72.99135043247837 136
1749833490282 73.09134543272836 137
1749833535336 73.10634468276587 138
1749833580758 72.8263586820659 139
1749833625620 72.86635668216589 140
1749833671262 73.11134443277837 141
1749833717028 73.5613219339033 142
1749833762119 73.09134543272836 143
1749833807466 73.05634718264086 144
1749833853011 72.93135343232838 145
1749833898559 72.7413629318534 146
1749833943707 72.96135193240337 147
1749833988824 73.11634418279085 148
1749834034307 73.02634868256587 149
1749834079991 72.91135443227839 150
1749834125605 72.8613569321534 151
1749834171048 72.91635418229089 152
1749834216154 72.59137043147842 153
1749834262003 72.67136643167842 154
1749834307308 73.00134993250337 155
1749834352925 72.7463626818659 156
1749834398251 72.98635068246588 157
1749834443806 72.90135493225338 158
1749834488943 72.95135243237839 159
1749834534484 73.48632568371582 160
1749834579616 72.8613569321534 161
1749834625606 73.01134943252838 162
1749834670378 73.17134143292836 163
1749834715676 72.91135443227839 164
1749834763816 72.7813609319534 165
1749834810510 72.8263586820659 166
1749834856044 72.91635418229089 167
1749834901622 73.27133643317835 168
1749834947075 73.05134743262838 169
1749834992195 72.7863606819659 170
1749835036990 73.13634318284086 171
1749835082535 72.94135293235338 172
1749835128163 72.7963601819909 173
1749835173518 73.30633468326583 174
1749835218712 72.99135043247837 175
1749835264241 72.69636518174092 176
1749835309222 73.15134243287835 177
1749835354736 73.33133343332834 178
1749835399479 73.03634818259087 179
1749835445079 72.95135243237839 180
1749835494289 72.88635568221589 181
1749835540042 72.99635018249087 182
1749835585149 72.7563621818909 183
1749835630891 72.18139093045347 184
1749835677168 73.22633868306585 185
1749835722621 72.62636868156592 186
1749835767939 72.87635618219089 187
1749835813183 72.99635018249087 188
1749835858308 73.03134843257837 189
1749835903428 72.58137093145342 190
1749835948954 73.31133443327833 191
1749835994305 72.32638368081597 192
1749836039675 72.42637868106594 193
1749836085306 73.20633968301586 194
1749836131157 72.63136843157842 195
1749836176740 73.03634818259087 196
1749836221980 72.70136493175342 197
1749836268323 72.7963601819909 198
1749836313993 73.05134743262838 199
1749836358605 73.13134343282836 200
1749836403351 72.96635168241588 201
1749836448268 72.7463626818659 202
1749836493894 73.07134643267837 203
1749836539076 72.8263586820659 204
1749836584991 72.89635518224088 205
1749836630705 72.65636718164092 206
1749836676073 72.84135793210339 207
1749836721034 72.95135243237839 208
1749836766510 72.72136393180341 209
1749836811844 73.12634368281586 210
1749836857502 73.29133543322834 211
1749836903182 73.26133693315334 212
1749836948433 73.36633168341582 213
1749836994381 72.66636668166592 214
1749837039918 72.72636368181591 215
1749837085125 72.92635368231588 216
1749837130021 72.67636618169091 217
1749837175994 72.51137443127844 218
1749837222039 72.97135143242838 219
1749837267102 72.94635268236588 220
1749837312528 72.8913554322284 221
1749837357760 73.28133593320334 222
1749837402837 72.51137443127844 223
1749837448118 73.10634468276587 224
1749837494029 73.09134543272836 225
1749837539231 73.01634918254088 226
1749837584176 73.16134193290335 227
1749837629656 72.55137243137843 228
1749837674696 73.20633968301586 229
1749837720307 73.16134193290335 230
1749837765940 73.07634618269087 231
1749837811489 72.43137843107844 232
1749837856906 73.17134143292836 233
1749837902138 73.19634018299085 234
1749837947354 73.11634418279085 235
1749837992656 72.7463626818659 236
1749838038088 73.04634768261587 237
1749838083304 73.05134743262838 238
1749838128395 72.91135443227839 239
1749838173339 73.03134843257837 240
1749838219249 72.97635118244088 241
1749838264703 73.38133093345333 242
1749838309696 72.57637118144093 243
1749838355184 72.61636918154092 244
1749838401412 73.08134593270337 245
1749838446424 73.09134543272836 246
1749838490920 73.08634568271586 247
1749838536404 72.73636318184091 248
1749838581294 72.93135343232838 249
1749838626098 72.7413629318534 250
1749838671066 72.96135193240337 251
1749838717003 72.66136693165342 252
1749838762171 72.87635618219089 253
1749838807140 73.08634568271586 254
1749838852569 72.64636768161591 255
1749838897515 73.19634018299085 256
1749838942840 72.8913554322284 257
1749838988118 73.09634518274086 258
1749839033132 72.96635168241588 259
1749839078513 72.66136693165342 260
1749839123911 72.95635218239089 261
1749839169615 73.37133143342832 262
1749839214733 72.87135643217839 263
1749839260199 72.66636668166592 264
1749839305705 72.8213589320534 265
1749839350841 72.37138143092845 266
1749839396026 72.96135193240337 267
1749839442109 73.02634868256587 268
1749839486914 72.8313584320784 269
1749839532207 72.93135343232838 270
1749839577466 73.08134593270337 271
1749839622728 73.27633618319084 272
1749839668004 72.65636718164092 273
1749839713833 72.94635268236588 274
1749839758990 72.7813609319534 275
1749839804937 72.98635068246588 276
1749839850255 73.00134993250337 277
1749839895202 72.92635368231588 278
1749839940293 72.58637068146592 279
1749839985426 73.03134843257837 280
1749840030903 73.26633668316585 281
1749840076155 73.08634568271586 282
1749840121816 73.16134193290335 283
1749840167570 72.70136493175342 284
1749840212735 72.94135293235338 285
1749840258372 72.8063596820159 286
1749840303797 73.19634018299085 287
1749840349008 72.97635118244088 288
1749840394696 73.17134143292836 289
1749840440179 73.17134143292836 290
1749840485827 72.40637968101595 291
1749840531477 72.88635568221589 292
1749840576690 73.24633768311584 293
1749840622507 73.13134343282836 294
1749840667640 72.93135343232838 295
1749840712929 73.14634268286585 296
1749840758354 72.93135343232838 297
1749840803587 72.88635568221589 298
1749840848961 73.29633518324084 299
1749840893972 72.8313584320784 300
1749840939065 72.90135493225338 301
1749840984077 72.69636518174092 302
1749841029425 72.54637268136594 303
1749841074726 72.8113594320284 304
1749841120614 73.38633068346583 305
1749841166194 72.65136743162842 306
1749841211826 73.23133843307835 307
1749841256976 73.11634418279085 308
1749841302353 73.04634768261587 309
1749841348172 72.87135643217839 310
1749841393342 72.93135343232838 311
1749841438492 72.8913554322284 312
1749841483278 73.31133443327833 313
1749841528961 72.87635618219089 314
1749841574041 73.22133893305335 315
1749841619632 72.99135043247837 316
1749841664888 72.57137143142843 317
1749841710018 72.84135793210339 318
1749841755639 72.7813609319534 319
1749841801208 72.8613569321534 320
1749841846571 73.27133643317835 321
1749841891775 73.15134243287835 322
1749841936619 73.23133843307835 323
1749841981589 72.65136743162842 324
1749842027039 72.8913554322284 325
1749842072294 72.8463576821159 326
1749842118519 73.11634418279085 327
1749842164480 72.8163591820409 328
1749842210106 72.87135643217839 329
1749842255647 73.12134393280336 330
1749842301208 72.94635268236588 331
1749842345994 73.15634218289085 332
1749842391585 73.19634018299085 333
1749842436954 73.03634818259087 334
1749842482065 73.37133143342832 335
1749842527510 73.04634768261587 336
1749842572638 72.93135343232838 337
1749842617662 73.11634418279085 338
1749842663002 72.55137243137843 339
1749842708335 73.04134793260337 340
1749842753468 72.97635118244088 341
1749842798704 72.93135343232838 342
