1749827238318 1.8343187378833343 0
1749827292007 1.648219985047863 1
1749827344692 1.5370355489450565 2
1749827398161 1.4674507013398834 3
1749827451255 1.4163535798730198 4
1749827498040 1.3802372821032611 5
1749827541104 1.3573858356554505 6
1749827583765 1.3372233887862148 7
1749827626990 1.313961264537049 8
1749827669916 1.296415697818434 9
1749827712651 1.2818633720675836 10
1749827755390 1.2529799560506154 11
1749827798907 1.2338132313278745 12
1749827844524 1.2199880568410544 13
1749827890269 1.1923773243787152 14
1749827936172 1.1746351000181015 15
1749827981965 1.1600390841952444 16
1749828027638 1.140790344938553 17
1749828072917 1.1187437052885674 18
1749828118880 1.1010909917431946 19
1749828164777 1.0831998388598332 20
1749828210312 1.0736713991374482 21
1749828255684 1.0591082761010064 22
1749828301201 1.041727138074611 23
1749828346579 1.0379926723144357 24
1749828392046 1.0220334953690178 25
1749828437408 1.0156374803263393 26
1749828483274 1.00531773627755 27
1749828529337 0.9557127546703248 28
1749828575001 0.9351909251655557 29
1749828620240 0.9306084533764907 30
1749828665654 0.9175152976622218 31
1749828710523 0.9018377267171798 32
1749828756056 0.908577716265325 33
1749828801446 0.8931601985109656 34
1749828847048 0.8771620577057924 35
1749828892209 0.8717623943805957 36
1749828938015 0.8441038149653969 37
1749828983359 0.8390077119183287 38
1749829030116 0.8276518299176594 39
1749829075021 0.818208505604173 40
1749829121139 0.8111151932647875 41
1749829166592 0.8053112786288744 42
1749829212756 0.8028709490885347 43
1749829257939 0.7852836731916475 44
1749829304146 0.7867551231657626 45
1749829350013 0.7756954039533664 46
1749829395600 0.7728603008245535 47
1749829441015 0.7714662748326969 48
1749829486994 0.7558922627320078 49
1749829532461 0.7594438676124609 50
1749829577994 0.7569413930021234 51
1749829623623 0.7519443984401446 52
1749829669158 0.7460029960858763 53
1749829714852 0.74917714013248 54
1749829760428 0.747918113782271 55
1749829806204 0.7399167315637247 56
1749829851905 0.7386109638923036 57
1749829897642 0.740867715863298 58
1749829943193 0.7305159032185383 59
1749829988863 0.7324344217807053 60
1749830034092 0.7329017085939926 61
1749830079462 0.7243774606134825 62
1749830125628 0.7363374365084732 63
1749830171323 0.7236051196056893 64
1749830216555 0.7329912186011655 65
1749830262517 0.7330013187365153 66
1749830308020 0.7301998520910242 67
1749830353415 0.731942710408711 68
1749830398841 0.726130844214506 69
1749830444923 0.7230502153228482 70
1749830490269 0.7261114833557715 71
1749830535926 0.7314546466451854 72
1749830581739 0.7327186514762549 73
1749830626946 0.7244635629290956 74
1749830672723 0.7166628871200789 75
1749830718104 0.7237064433594917 76
1749830763329 0.7253935423608268 77
1749830808263 0.7238228291900425 78
1749830853859 0.7183902737862002 79
1749830899611 0.7263764275950251 80
1749830944678 0.7244206970423187 81
1749830990874 0.7209030161690195 82
1749831038150 0.7232449816427292 83
1749831083394 0.7242464029719237 84
1749831128705 0.7251522269709564 85
1749831173547 0.7257567030750849 86
1749831219640 0.7203248616403523 87
1749831265139 0.719865685766634 88
1749831310273 0.7253162790182787 89
1749831355705 0.7226640462672721 90
1749831400562 0.7207832318962494 91
1749831446032 0.7210223933803005 92
1749831491704 0.718406922578466 93
1749831536535 0.7232338974496244 94
1749831582316 0.717123190657293 95
1749831627348 0.7205856262350147 96
1749831672705 0.7162195261010742 97
1749831717679 0.7230263879928438 98
1749831763665 0.7242238611336035 99
1749831809258 0.7216829011360828 100
1749831854665 0.7245033865874723 101
1749831899941 0.7164973186242491 102
1749831945330 0.7199974746610169 103
1749831990909 0.7219606959326887 104
1749832036646 0.7210560377414724 105
1749832081689 0.7283217177004496 106
1749832126871 0.7225611329489926 107
1749832172810 0.7290513938271721 108
1749832218456 0.7216955858745263 109
1749832263981 0.7292027509210706 110
1749832309085 0.7293467545098384 111
1749832354625 0.7239606037037855 112
1749832400075 0.7275582182127848 113
1749832445459 0.7282127360511819 114
1749832490412 0.7243135561675323 115
1749832535710 0.7280374004366675 116
1749832581049 0.736399449261099 117
1749832625770 0.7249218584996368 118
1749832671749 0.7270335604545981 119
1749832717581 0.7286389644941886 120
1749832763267 0.7193987203695722 121
1749832809001 0.7244715580012592 122
1749832854368 0.7256932731604768 123
1749832899981 0.7238942649172435 124
1749832945509 0.7295619541809241 125
1749832990979 0.7257633341723017 126
1749833036282 0.7195990468721307 127
1749833081735 0.7276489712150029 128
1749833126791 0.7247500758988578 129
1749833172123 0.7196743712607733 130
1749833217235 0.7275946088942472 131
1749833263330 0.7229613262345497 132
1749833308781 0.7272849646867928 133
1749833353555 0.7242291040515968 134
1749833398900 0.7260139193375595 135
1749833444478 0.7292787274660992 136
1749833490246 0.7239520013359187 137
1749833535296 0.7230832846955856 138
1749833580710 0.7259902672722104 139
1749833625555 0.7258359139832572 140
1749833671233 0.7216901303125134 141
1749833716987 0.7224073775571189 142
1749833762088 0.7210049376544138 143
1749833807428 0.7216679739624874 144
1749833852976 0.7294485853411938 145
1749833898511 0.7293059411464841 146
1749833943675 0.7294324237068596 147
1749833988786 0.7222603684627713 148
1749834034274 0.7235519040328825 149
1749834079954 0.726151713869744 150
1749834125557 0.7235388723557564 151
1749834171010 0.7301994304729458 152
1749834216111 0.7333488767966349 153
1749834261961 0.7256239093840122 154
1749834307273 0.725862672302605 155
1749834352894 0.7218166430421689 156
1749834398207 0.7235692197171147 157
1749834443764 0.7270469134178503 158
1749834488898 0.7230587060091156 159
1749834534449 0.7174021900787895 160
1749834579583 0.72023389546533 161
1749834625567 0.7214251974869785 162
1749834670345 0.7228651077686193 163
1749834715633 0.723518126890377 164
1749834763761 0.7185148636262751 165
1749834810470 0.7219335499991298 166
1749834856002 0.7253780218817152 167
1749834901525 0.7203945016915796 168
1749834947038 0.7236111188291293 169
1749834992159 0.7238407800998767 170
1749835036949 0.7195718317894654 171
1749835082494 0.721999154820972 172
1749835128118 0.721799626039759 173
1749835173480 0.7212009196859331 174
1749835218683 0.7253517204880995 175
1749835264206 0.724002234179177 176
1749835309192 0.7263655566160729 177
1749835354697 0.7246942065298948 178
1749835399441 0.7222718605786096 179
1749835445039 0.7239127063606985 180
1749835494244 0.7245239099036762 181
1749835540003 0.7261384859436018 182
1749835585097 0.7266995546480497 183
1749835630853 0.7287663394978903 184
1749835677134 0.7207551340980295 185
1749835722577 0.7261332395785892 186
1749835767888 0.7206040808400073 187
1749835813134 0.7172313638157763 188
1749835858282 0.7165593928107321 189
1749835903383 0.7260169915626512 190
1749835948925 0.7231232240959249 191
1749835994266 0.7281755325654276 192
1749836039603 0.7286625763634301 193
1749836085233 0.7182975061046715 194
1749836131117 0.7259688410787104 195
1749836176698 0.7234387081810238 196
1749836221936 0.722584204434526 197
1749836268277 0.7278771671043218 198
1749836313962 0.7248771611118154 199
1749836358555 0.7224706590405096 200
1749836403307 0.72732354849495 201
1749836448235 0.7238565554953081 202
1749836493849 0.7205946548342683 203
1749836539037 0.727866897832858 204
1749836584951 0.7234317975296723 205
1749836630670 0.7266483674835642 206
1749836676015 0.7203714060107503 207
1749836720988 0.7230118170516932 208
1749836766470 0.7250929726871167 209
1749836811775 0.718452944610305 210
1749836857469 0.7228654198608162 211
1749836903141 0.7247233662599146 212
1749836948385 0.7209050258050049 213
1749836994339 0.7246456785468088 214
1749837039876 0.7289928376665712 215
1749837085090 0.7305370178719018 216
1749837129974 0.7203205342734076 217
1749837175956 0.7254385445478362 218
1749837221999 0.7221137840302847 219
1749837267064 0.7208236404957935 220
1749837312484 0.720972622783713 221
1749837357717 0.7214622276078808 222
1749837402791 0.7263687556817838 223
1749837448082 0.716584218431369 224
1749837493986 0.7243005755746206 225
1749837539181 0.7210431973473215 226
1749837584144 0.7197791602747314 227
1749837629613 0.7289213410234887 228
1749837674655 0.7140560260826776 229
1749837720259 0.7212284245906332 230
1749837765903 0.7243344871755016 231
1749837811445 0.7249943819061845 232
1749837856867 0.7215022696869879 233
1749837902094 0.7168494826954285 234
1749837947311 0.7277380373113055 235
1749837992622 0.7240433102994852 236
1749838038051 0.7236369901356426 237
1749838083268 0.7279216715034429 238
1749838128352 0.7251907240527313 239
1749838173314 0.7208458257731148 240
1749838219201 0.7197984451294231 241
1749838264675 0.7173084423790085 242
1749838309660 0.7279446886858996 243
1749838355150 0.7266772533260544 244
1749838401373 0.7268476111311584 245
1749838446385 0.7187414336076982 246
1749838490879 0.7214554536849831 247
1749838536364 0.7259224997343054 248
1749838581202 0.7197897791546599 249
1749838626053 0.7283449157715607 250
1749838671037 0.7211061937499896 251
1749838716970 0.7305889503303858 252
1749838762127 0.720634986877942 253
1749838807103 0.7227846356631696 254
1749838852514 0.7327137363176931 255
1749838897479 0.719880034021065 256
1749838942799 0.7267099512537673 257
1749838988074 0.7241063259579612 258
1749839033095 0.7186941762225854 259
1749839078477 0.7253897987556818 260
1749839123884 0.7218457451105583 261
1749839169590 0.7201029523647604 262
1749839214696 0.723026526162913 263
1749839260163 0.7292779636057631 264
1749839305679 0.7261714191622963 265
1749839350799 0.7280259450747546 266
1749839395984 0.7272379254348326 267
1749839442071 0.7194402162912256 268
1749839486866 0.725652145031756 269
1749839532171 0.7224290563812149 270
1749839577428 0.719949352187542 271
1749839622692 0.7205546253466182 272
1749839667955 0.7234381236369524 273
1749839713799 0.7203146434892362 274
1749839758963 0.7232014860762852 275
1749839804905 0.7276721533510269 276
1749839850213 0.7192296519779419 277
1749839895155 0.7294284894899101 278
1749839940248 0.7279811540422878 279
1749839985384 0.7284520279076524 280
1749840030859 0.7205442437576798 281
1749840076123 0.7183803934602998 282
1749840121770 0.7166478464811239 283
1749840167512 0.724389871384679 284
1749840212695 0.72348894914147 285
1749840258335 0.7255325311035236 286
1749840303747 0.7241076364674296 287
1749840348970 0.7241412807854049 288
1749840394649 0.7187376265424257 289
1749840440127 0.7233976996676289 290
1749840485777 0.7277226101236995 291
1749840531434 0.7303591279928449 292
1749840576652 0.7161176310083215 293
1749840622467 0.7157689114939146 294
1749840667598 0.7270748798800769 295
1749840712891 0.7139077989716904 296
1749840758318 0.7253343853096528 297
1749840803530 0.7199871882481144 298
1749840848926 0.7165341909501166 299
1749840893928 0.7256043932865955 300
1749840939034 0.720237983962213 301
1749840984015 0.7264140330757548 302
1749841029382 0.7252834081280249 303
1749841074689 0.7222506802330362 304
1749841120571 0.7177669998049933 305
1749841166152 0.7249780793839685 306
1749841211782 0.7197096898051406 307
1749841256937 0.7240129434718506 308
1749841302312 0.7272646243194003 309
1749841348130 0.7245717988205662 310
1749841393302 0.7212557376167141 311
1749841438455 0.7288631368806683 312
1749841483241 0.7167288164729851 313
1749841528923 0.7211084467882777 314
1749841574007 0.7234837055730794 315
1749841619586 0.723176689304344 316
1749841664851 0.726735248005448 317
1749841709947 0.7214269648193806 318
1749841755583 0.7238538988136862 319
1749841801158 0.7204944019028321 320
1749841846515 0.7187286664476026 321
1749841891743 0.719764009075614 322
1749841936568 0.7213364847361651 323
1749841981543 0.7293488316569088 324
1749842026998 0.7223110527175832 325
1749842072249 0.7275764953715149 326
1749842118488 0.7280060592892587 327
1749842164450 0.7226079336363497 328
1749842210068 0.7261571015833521 329
1749842255566 0.7214261474101151 330
1749842301160 0.7273955200887979 331
1749842345953 0.7232662471501412 332
1749842391516 0.721052868477339 333
1749842436906 0.7243513181849567 334
1749842482028 0.7172522702507242 335
1749842527461 0.7249610264175183 336
1749842572559 0.7221522432143411 337
1749842617617 0.7211118956505254 338
1749842662962 0.7242412402101662 339
1749842708291 0.7188922024063453 340
1749842753405 0.7222009074431075 341
1749842798678 0.7179715354098933 342
