1749920865095 26.118694065296737 0
1749920909506 35.43322833858307 1
1749920953988 40.19799010049498 2
1749920984093 42.677866106694665 3
1749921018398 44.362781860906956 4
1749921063551 45.87270636468177 5
1749921109014 46.87765611719414 6
1749921153798 48.10759462026898 7
1749921199356 49.737513124343785 8
1749921244253 50.652467376631165 9
1749921288990 51.557422128893556 10
1749921334471 52.962351882405876 11
1749921379588 53.29733513324334 12
1749921424777 53.77731113444328 13
1749921470013 54.45727713614319 14
1749921514882 55.582220888955554 15
1749921559728 56.622168891555425 16
1749921605537 57.5871206439678 17
1749921651226 57.91710414479276 18
1749921696694 58.27208639568022 19
1749921741165 58.44707764611769 20
1749921786138 59.79201039948003 21
1749921830942 60.46697665116744 22
1749921875620 62.111894405279735 23
1749921921145 62.67186640667967 24
1749921966439 62.856857157142144 25
1749922011512 63.68681565921704 26
1749922056714 63.95680215989201 27
1749922101615 64.47677616119194 28
1749922146714 64.44177791110444 29
1749922191889 64.8767561621919 30
1749922237449 65.36173191340433 31
1749922282212 66.31668416579171 32
1749922327137 66.85165741712915 33
1749922372145 66.99165041747912 34
1749922417004 67.34663266836658 35
1749922462669 67.69661516924154 36
1749922507735 67.86160691965402 37
1749922553768 67.68661566921654 38
1749922598935 68.39658017099146 39
1749922644236 68.54657267136643 40
1749922689125 68.90655467226638 41
1749922733866 68.8165591720414 42
1749922778171 69.02154892255388 43
1749922823463 69.46652667366632 44
1749922867969 70.34148292585371 45
1749922912523 70.56147192640368 46
1749922958243 70.14649267536623 47
1749923002863 70.95645217739113 48
1749923048330 70.74646267686616 49
1749923092907 70.85145742712865 50
1749923137676 71.2114394280286 51
1749923182061 71.81140942952852 52
1749923226698 72.12639368031599 53
1749923271137 71.9214039298035 54
1749923315902 71.65641717914104 55
1749923360653 71.79141042947853 56
1749923405290 72.36138193090345 57
1749923450176 71.956402179891 58
1749923494618 72.036398180091 59
1749923539470 72.18639068046598 60
1749923584466 72.73136343182841 61
1749923628665 72.31638418079096 62
1749923673463 72.24138793060347 63
1749923718606 72.54637268136594 64
1749923763280 72.45637718114094 65
1749923808447 72.45137743112845 66
1749923852865 72.43637818109094 67
1749923897120 72.47637618119094 68
1749923941929 72.96135193240337 69
1749923986470 72.27138643067846 70
1749924031303 72.55137243137843 71
1749924076029 72.89635518224088 72
1749924120755 72.43137843107844 73
1749924165607 72.93635318234088 74
1749924210778 72.69136543172841 75
1749924255548 72.88635568221589 76
1749924300595 73.10634468276587 77
1749924345701 72.95135243237839 78
1749924389943 72.8513574321284 79
1749924434489 72.7813609319534 80
1749924478531 73.07134643267837 81
1749924523706 73.6113194340283 82
1749924568823 73.46132693365331 83
1749924613295 73.22633868306585 84
1749924658281 72.51637418129094 85
1749924702766 72.44137793110345 86
1749924747720 73.07134643267837 87
1749924792509 72.98135093245338 88
1749924837040 73.14134293285336 89
1749924883086 73.08134593270337 90
1749924928872 72.8163591820409 91
1749924973707 72.7863606819659 92
1749925018706 73.33133343332834 93
1749925063873 73.20633968301586 94
1749925108443 72.90135493225338 95
1749925153337 72.98635068246588 96
1749925198018 72.7513624318784 97
1749925243278 72.7563621818909 98
1749925288479 72.7713614319284 99
1749925333292 73.12634368281586 100
1749925377521 72.8563571821409 101
1749925422327 72.91635418229089 102
1749925466493 73.06634668266587 103
1749925511002 72.7913604319784 104
1749925555459 72.88635568221589 105
1749925600334 73.20133993300335 106
1749925645540 72.7913604319784 107
1749925689948 72.8913554322284 108
1749925734137 73.17634118294086 109
1749925778895 73.09134543272836 110
1749925823738 73.09634518274086 111
1749925868369 72.72136393180341 112
1749925913013 73.10634468276587 113
1749925957716 72.95135243237839 114
1749926002790 72.95635218239089 115
1749926047456 73.22133893305335 116
1749926092143 72.8113594320284 117
1749926137482 73.30133493325334 118
1749926182309 73.18634068296585 119
1749926226982 72.8313584320784 120
1749926271783 73.30633468326583 121
1749926316815 73.28633568321584 122
1749926361324 73.37133143342832 123
1749926406082 73.10634468276587 124
1749926450997 72.72136393180341 125
1749926495751 73.03134843257837 126
1749926540430 73.23133843307835 127
1749926585030 72.76636168191591 128
1749926630284 73.21633918304084 129
1749926674898 73.02134893255337 130
1749926720068 73.06634668266587 131
1749926764758 72.7113644317784 132
1749926809167 73.31633418329083 133
1749926854431 73.6013199340033 134
1749926899617 72.41137943102845 135
1749926944442 73.10634468276587 136
1749926989431 72.98135093245338 137
1749927033687 73.11134443277837 138
1749927078172 73.07134643267837 139
1749927123212 72.8013599320034 140
1749927167698 73.24133793310334 141
1749927212579 73.12634368281586 142
1749927257183 72.95135243237839 143
1749927301747 72.65136743162842 144
1749927346522 72.8563571821409 145
1749927390908 73.18634068296585 146
1749927435256 73.08634568271586 147
1749927480215 72.8013599320034 148
1749927525631 73.13634318284086 149
1749927569965 73.04134793260337 150
1749927615161 73.5313234338283 151
1749927660079 72.66136693165342 152
1749927704706 72.84135793210339 153
1749927749716 73.02634868256587 154
1749927794711 73.01134943252838 155
1749927838943 72.96635168241588 156
1749927883698 73.10134493275336 157
1749927928532 73.04634768261587 158
1749927973428 72.90635468226589 159
1749928018147 73.00134993250337 160
1749928063274 73.23133843307835 161
1749928108419 73.13634318284086 162
1749928153414 73.11634418279085 163
1749928198742 72.99635018249087 164
1749928243602 73.01134943252838 165
1749928288648 73.14634268286585 166
1749928333235 72.58637068146592 167
1749928378551 73.03634818259087 168
1749928423041 72.7913604319784 169
1749928467666 73.48632568371582 170
1749928512762 73.18134093295335 171
1749928557742 73.35133243337833 172
1749928602862 72.95135243237839 173
1749928647504 73.04634768261587 174
1749928692419 72.90635468226589 175
1749928736750 73.03634818259087 176
1749928781564 73.21133943302834 177
1749928826969 73.30633468326583 178
1749928871891 72.8263586820659 179
1749928917364 72.94635268236588 180
1749928962684 73.03134843257837 181
1749929007736 73.03134843257837 182
1749929052227 73.21133943302834 183
1749929097729 73.11134443277837 184
1749929141919 73.21133943302834 185
1749929186702 72.7413629318534 186
1749929231672 73.07634618269087 187
1749929276656 73.03634818259087 188
1749929321074 73.29633518324084 189
1749929366050 72.8213589320534 190
1749929410705 72.7963601819909 191
1749929456032 72.87135643217839 192
1749929500711 73.00634968251588 193
1749929545725 73.22133893305335 194
1749929590635 73.15634218289085 195
1749929635360 72.64636768161591 196
1749929679965 72.97135143242838 197
1749929724451 73.10634468276587 198
1749929768937 73.08134593270337 199
1749929813900 73.04134793260337 200
1749929858487 72.99135043247837 201
1749929903224 73.06634668266587 202
1749929947731 72.91635418229089 203
1749929992672 72.95135243237839 204
1749930037120 72.90135493225338 205
1749930081704 72.8913554322284 206
1749930126066 72.99635018249087 207
1749930171506 72.90635468226589 208
1749930216668 73.07134643267837 209
1749930261235 73.18134093295335 210
1749930305931 73.08134593270337 211
1749930350453 72.93635318234088 212
1749930395235 73.6713164341783 213
1749930440006 73.06134693265336 214
1749930484423 73.17134143292836 215
1749930529245 73.08134593270337 216
1749930574233 72.7063646817659 217
1749930618811 73.01134943252838 218
1749930662954 73.06634668266587 219
1749930708027 73.30633468326583 220
1749930753726 73.22633868306585 221
1749930798237 73.29633518324084 222
1749930843214 73.29633518324084 223
1749930887984 73.28633568321584 224
1749930932588 72.7463626818659 225
1749930977405 73.27133643317835 226
1749931021995 73.00634968251588 227
1749931066784 73.12634368281586 228
1749931111628 73.18634068296585 229
1749931156743 72.52137393130343 230
1749931201145 73.15134243287835 231
1749931246775 73.11634418279085 232
1749931291797 72.88635568221589 233
1749931336115 73.15134243287835 234
1749931380932 72.95135243237839 235
1749931425227 73.08634568271586 236
1749931469692 73.06134693265336 237
1749931515041 72.97635118244088 238
1749931559674 72.86635668216589 239
1749931604679 73.11634418279085 240
1749931650112 72.69636518174092 241
1749931695350 72.87135643217839 242
1749931740621 72.96135193240337 243
1749931785521 72.73136343182841 244
1749931830566 72.8013599320034 245
1749931875539 73.17634118294086 246
1749931920328 73.08134593270337 247
1749931965204 73.26633668316585 248
1749932010138 73.22133893305335 249
1749932054148 73.00134993250337 250
1749932098597 73.32633368331584 251
1749932143625 73.20633968301586 252
1749932188963 73.05634718264086 253
1749932233266 73.20633968301586 254
1749932278300 73.03134843257837 255
1749932323073 73.35133243337833 256
1749932367727 72.84135793210339 257
1749932413162 73.20133993300335 258
1749932458741 72.95635218239089 259
1749932503762 73.5713214339283 260
1749932548958 72.8313584320784 261
1749932593499 73.00634968251588 262
1749932638184 73.25133743312834 263
1749932683563 72.68636568171591 264
1749932728005 72.89635518224088 265
1749932772331 72.84135793210339 266
1749932816676 72.8563571821409 267
1749932861497 73.19634018299085 268
1749932906178 73.12634368281586 269
1749932950868 72.54137293135344 270
1749932994799 72.66636668166592 271
1749933039462 72.95635218239089 272
1749933084497 73.28633568321584 273
1749933129203 73.24133793310334 274
1749933173538 73.10134493275336 275
1749933218185 72.8613569321534 276
1749933263261 72.87635618219089 277
1749933308116 72.97135143242838 278
1749933352848 72.97135143242838 279
1749933397769 72.8263586820659 280
1749933442258 73.25633718314084 281
1749933486702 73.42632868356583 282
1749933531502 72.89635518224088 283
1749933575744 73.18634068296585 284
1749933620509 73.00634968251588 285
1749933665461 72.91135443227839 286
1749933709871 72.90135493225338 287
1749933754667 72.56137193140343 288
1749933799835 72.8163591820409 289
1749933844592 73.02134893255337 290
1749933889417 73.18134093295335 291
1749933934341 73.15134243287835 292
1749933978460 72.93635318234088 293
1749934022903 72.8113594320284 294
1749934067397 72.92635368231588 295
1749934112093 73.34633268336583 296
1749934157575 73.07634618269087 297
1749934202563 72.62136893155342 298
1749934247401 73.01634918254088 299
1749934292251 72.99135043247837 300
1749934337005 73.03134843257837 301
1749934382784 72.7763611819409 302
1749934427727 72.97635118244088 303
1749934472020 73.34633268336583 304
1749934516752 72.98635068246588 305
1749934561818 72.47137643117844 306
1749934606300 73.38133093345333 307
1749934651774 72.97135143242838 308
1749934698065 73.06634668266587 309
1749934742466 73.02134893255337 310
1749934787520 72.60136993150343 311
1749934833026 72.8313584320784 312
1749934877732 73.01134943252838 313
1749934922269 72.46137693115344 314
1749934968031 72.8913554322284 315
1749935012565 72.88135593220339 316
1749935057037 73.17134143292836 317
1749935101772 73.16634168291586 318
1749935146904 73.14134293285336 319
1749935191873 72.95635218239089 320
1749935236979 73.06634668266587 321
1749935281058 72.7563621818909 322
1749935326158 73.25633718314084 323
1749935370847 72.90635468226589 324
1749935415847 72.8163591820409 325
1749935460757 73.30133493325334 326
1749935505487 72.7413629318534 327
1749935550752 72.96635168241588 328
1749935595328 72.96135193240337 329
1749935639333 72.90135493225338 330
1749935684819 72.76136193190341 331
1749935729942 72.86635668216589 332
1749935774543 72.8113594320284 333
1749935818876 72.88135593220339 334
1749935864280 73.25133743312834 335
1749935908773 72.8513574321284 336
1749935953671 73.07134643267837 337
1749935997769 72.97635118244088 338
1749936042721 72.97135143242838 339
1749936087949 73.18634068296585 340
1749936132438 72.87135643217839 341
1749936177656 72.98635068246588 342
1749936223151 72.97135143242838 343
1749936267602 72.8463576821159 344
1749936312921 73.27133643317835 345
1749936357235 72.95135243237839 346
1749936401728 73.07634618269087 347
1749936445910 73.10634468276587 348
1749936491463 72.84135793210339 349
1749936536676 72.93135343232838 350
1749936580709 73.07134643267837 351
1749936625515 72.8313584320784 352
1749936670290 73.23133843307835 353
1749936716594 73.16134193290335 354
1749936761907 72.86635668216589 355
1749936806856 72.97135143242838 356
1749936851265 73.27133643317835 357
1749936895499 72.88635568221589 358
1749936940282 73.10134493275336 359
1749936985377 73.17134143292836 360
1749937030191 72.68136593170341 361
1749937075061 73.13634318284086 362
1749937119830 73.17634118294086 363
1749937163905 73.05134743262838 364
1749937208844 73.25633718314084 365
1749937253566 72.73136343182841 366
1749937298300 73.02134893255337 367
1749937342784 72.69636518174092 368
1749937387969 73.28133593320334 369
1749937432883 72.99135043247837 370
1749937477636 73.09634518274086 371
1749937522734 73.22133893305335 372
1749937567631 73.07134643267837 373
1749937612378 72.64636768161591 374
1749937657406 72.53637318134093 375
1749937702677 73.29133543322834 376
1749937747310 72.65636718164092 377
1749937792523 72.8213589320534 378
1749937837282 73.26133693315334 379
1749937881811 73.5363231838408 380
1749937926321 73.08134593270337 381
1749937971015 72.98135093245338 382
1749938015791 72.8313584320784 383
1749938060365 73.18134093295335 384
1749938104891 73.07134643267837 385
1749938149621 72.84135793210339 386
1749938194685 73.13634318284086 387
1749938239453 73.11134443277837 388
1749938284616 73.08634568271586 389
1749938329956 72.93635318234088 390
1749938374396 73.10634468276587 391
1749938419144 73.27633618319084 392
1749938463097 73.30633468326583 393
1749938508300 72.87635618219089 394
1749938553681 72.95635218239089 395
1749938598736 72.7963601819909 396
1749938643033 72.96635168241588 397
1749938687718 73.12634368281586 398
1749938732746 73.03134843257837 399
1749938777654 72.87135643217839 400
1749938822019 72.90635468226589 401
1749938867039 73.00634968251588 402
1749938912220 72.8463576821159 403
1749938956940 72.98135093245338 404
1749939001450 73.04134793260337 405
1749939045393 73.21633918304084 406
1749939089829 72.8263586820659 407
1749939134880 72.50137493125344 408
1749939180234 72.8613569321534 409
1749939225262 73.35133243337833 410
1749939270776 72.98135093245338 411
1749939316232 72.58137093145342 412
1749939360685 73.22133893305335 413
1749939405435 73.14634268286585 414
1749939450158 72.84135793210339 415
1749939494746 73.22633868306585 416
1749939539295 73.36133193340333 417
1749939583449 72.94635268236588 418
1749939628276 73.17634118294086 419
1749939673059 73.18134093295335 420
1749939717213 73.31133443327833 421
1749939762398 73.11634418279085 422
1749939806895 73.39633018349083 423
1749939851151 72.65636718164092 424
1749939895944 72.88635568221589 425
1749939941581 73.11134443277837 426
1749939985835 73.00134993250337 427
1749940031019 73.10134493275336 428
1749940075392 73.06134693265336 429
1749940120602 72.99635018249087 430
1749940165346 72.68136593170341 431
1749940210094 72.99135043247837 432
1749940254824 73.10134493275336 433
1749940299575 73.39133043347833 434
1749940344955 73.06634668266587 435
1749940390320 72.62136893155342 436
1749940435063 72.67136643167842 437
1749940478921 72.88135593220339 438
1749940524000 72.56137193140343 439
1749940568860 73.13134343282836 440
1749940613628 72.57637118144093 441
1749940658683 72.8613569321534 442
1749940703772 72.8263586820659 443
1749940748335 72.94135293235338 444
1749940793202 73.06634668266587 445
1749940838026 73.01134943252838 446
1749940882945 73.03634818259087 447
1749940927711 73.07634618269087 448
1749940972747 73.10634468276587 449
1749941017130 73.54132293385331 450
1749941062234 72.92135393230339 451
1749941107107 72.8013599320034 452
1749941152076 73.14134293285336 453
1749941197156 73.01634918254088 454
1749941242609 72.8463576821159 455
1749941286587 72.66636668166592 456
1749941331880 73.03634818259087 457
1749941377239 73.26633668316585 458
1749941421606 73.09134543272836 459
1749941466321 73.32633368331584 460
1749941510995 73.18634068296585 461
1749941555716 73.08134593270337 462
1749941600585 73.07134643267837 463
1749941645277 72.8013599320034 464
1749941689725 73.03134843257837 465
1749941734545 73.03134843257837 466
1749941778907 73.34133293335333 467
1749941824053 73.20133993300335 468
1749941868630 73.33633318334083 469
1749941913050 72.92635368231588 470
1749941957431 72.94135293235338 471
1749942002010 73.41632918354082 472
1749942047012 72.8213589320534 473
1749942091877 72.94635268236588 474
1749942136401 73.14634268286585 475
1749942180560 73.13634318284086 476
1749942225226 72.8613569321534 477
1749942270158 73.33633318334083 478
1749942315049 72.90135493225338 479
1749942359816 73.07634618269087 480
1749942404647 73.23633818309085 481
1749942449754 73.05134743262838 482
1749942494362 72.76636168191591 483
1749942538686 72.95135243237839 484
1749942583260 72.8063596820159 485
1749942628004 72.88135593220339 486
1749942672913 73.07134643267837 487
1749942717880 72.99635018249087 488
1749942762855 73.00634968251588 489
1749942807513 72.8163591820409 490
1749942852129 72.93635318234088 491
1749942896646 73.23633818309085 492
1749942941816 72.99135043247837 493
1749942989221 73.24133793310334 494
1749943035006 73.23133843307835 495
1749943080025 73.13134343282836 496
1749943124895 72.98135093245338 497
1749943169720 73.03634818259087 498
1749943214826 73.17134143292836 499
1749920865095 26.118694065296737 0
