1749920865071 1.8142261839790301 0
1749920909469 1.6202595934773212 1
1749920953953 1.5227367764478636 2
1749920984073 1.4622409987298257 3
1749921018365 1.422264345067363 4
1749921063515 1.3887212500441797 5
1749921108985 1.3637194254238494 6
1749921153770 1.3448465850900264 7
1749921199320 1.3155728573084151 8
1749921244219 1.297669772559193 9
1749921288960 1.2732919934218982 10
1749921334436 1.2499585900805688 11
1749921379551 1.2299372059638176 12
1749921424756 1.220773985115184 13
1749921469977 1.192941204249087 14
1749921514845 1.1750862538340712 15
1749921559701 1.143326245458786 16
1749921605495 1.1238747477608915 17
1749921651192 1.1108715544491492 18
1749921696657 1.1030474942384092 19
1749921741126 1.090199858717582 20
1749921786105 1.0680633555006476 21
1749921830906 1.0519612354669838 22
1749921875580 1.0084714499850684 23
1749921921111 0.991944036020779 24
1749921966410 0.9805973396677475 25
1749922011475 0.9665020160776729 26
1749922056685 0.9526511293775731 27
1749922101576 0.9437005266679072 28
1749922146683 0.9426531496910682 29
1749922191863 0.9281387427265504 30
1749922237427 0.9254869469809095 31
1749922282179 0.8935745371043053 32
1749922327082 0.8820765214552612 33
1749922372115 0.8769003389428648 34
1749922416967 0.8722339588596513 35
1749922462636 0.8595116118998308 36
1749922507696 0.8502748563113102 37
1749922553737 0.8571969448170134 38
1749922598898 0.8423626618673549 39
1749922644201 0.8331981774515095 40
1749922689091 0.8289452036120499 41
1749922733834 0.8243714059259253 42
1749922778108 0.8218542215263991 43
1749922823432 0.8117579020987057 44
1749922867937 0.7972279996950861 45
1749922912491 0.783367841263174 46
1749922958202 0.7903168027409673 47
1749923002833 0.781449364370766 48
1749923048302 0.7722146269333529 49
1749923092881 0.7706832708010023 50
1749923137635 0.7632586558302261 51
1749923182019 0.7572094924950217 52
1749923226665 0.7471526026575648 53
1749923271108 0.7522572306929621 54
1749923315847 0.7563048996816164 55
1749923360609 0.7489990387360553 56
1749923405258 0.7430203967520931 57
1749923450140 0.7464325901723065 58
1749923494577 0.7425173098942881 59
1749923539436 0.7411739030855429 60
1749923584431 0.7350465187423975 61
1749923628634 0.736230278884129 62
1749923673424 0.7372109584940483 63
1749923718555 0.7310829989213143 64
1749923763253 0.7360758946073391 65
1749923808417 0.72986805784089 66
1749923852830 0.7303026163764587 67
1749923897095 0.7279413994845912 68
1749923941896 0.7215193407570479 69
1749923986435 0.7315278335858909 70
1749924031274 0.7293609292839391 71
1749924075993 0.7241827300575804 72
1749924120717 0.7272392218187209 73
1749924165570 0.7207558754905868 74
1749924210750 0.7284788238686934 75
1749924255505 0.7267308602135907 76
1749924300543 0.7224551850309533 77
1749924345636 0.7257019756695705 78
1749924389908 0.7225793281198591 79
1749924434448 0.724818946855419 80
1749924478493 0.7269141230679865 81
1749924523670 0.722391009882065 82
1749924568789 0.7239324365500885 83
1749924613252 0.7180505458321979 84
1749924658241 0.731455468605783 85
1749924702726 0.728890320272465 86
1749924747684 0.7216207392364375 87
1749924792453 0.7258300539744055 88
1749924837000 0.7214897524627482 89
1749924883047 0.7158170751560323 90
1749924928828 0.7264716545854006 91
1749924973663 0.722102730953719 92
1749925018666 0.7190810386392272 93
1749925063820 0.722283966195243 94
1749925108405 0.7242988327742637 95
1749925153314 0.7262763791987612 96
1749925197979 0.7213757929369948 97
1749925243233 0.7262636174348513 98
1749925288434 0.7284781844620347 99
1749925333252 0.720389850341906 100
1749925377482 0.7225674991585077 101
1749925422283 0.7255763568691501 102
1749925466449 0.7204377746875271 103
1749925510963 0.7229004541678248 104
1749925555423 0.7268455176971882 105
1749925600301 0.7198671942529004 106
1749925645489 0.7248235428597318 107
1749925689913 0.7269195416087979 108
1749925734099 0.7214856997775254 109
1749925778862 0.7208142237188602 110
1749925823702 0.721676822722146 111
1749925868337 0.7220013687434325 112
1749925912980 0.7218759702650358 113
1749925957674 0.7211045103546119 114
1749926002763 0.72092452096594 115
1749926047422 0.7245726762248673 116
1749926092102 0.7282745552438628 117
1749926137441 0.7156153256032153 118
1749926182275 0.7159134638895959 119
1749926226948 0.7241916314991502 120
1749926271755 0.7211519542392937 121
1749926316788 0.7260998826546404 122
1749926361294 0.7214622053466591 123
1749926406047 0.7218952954372736 124
1749926450963 0.7226205527008364 125
1749926495717 0.722344253058553 126
1749926540388 0.721998157251147 127
1749926584993 0.725012039829508 128
1749926630239 0.7201465643332556 129
1749926674858 0.7215175846327389 130
1749926720029 0.7160941697401939 131
1749926764724 0.7226410242824112 132
1749926809133 0.7164277154102032 133
1749926854394 0.7185141233156743 134
1749926899579 0.7244511383511735 135
1749926944399 0.7197525003845529 136
1749926989392 0.7273144693852878 137
1749927033645 0.7235322590083112 138
1749927078132 0.7182046468422048 139
1749927123174 0.7234172465878602 140
1749927167661 0.7241378910368332 141
1749927212531 0.7167052245427356 142
1749927257138 0.7243084487220799 143
1749927301710 0.726857354854886 144
1749927346461 0.7196510792863314 145
1749927390870 0.7200031752011448 146
1749927435228 0.7251507724608716 147
1749927480174 0.7223627221005587 148
1749927525578 0.7200900740363849 149
1749927569928 0.720297637639392 150
1749927615129 0.7171144097405332 151
1749927660045 0.7279801722538661 152
1749927704662 0.7215947345529465 153
1749927749685 0.7220397501502965 154
1749927794670 0.7239607958774329 155
1749927838908 0.7234107897964801 156
1749927883656 0.7192703437194781 157
1749927928487 0.7206816753830458 158
1749927973395 0.7242562291795126 159
1749928018091 0.7227897871959734 160
1749928063231 0.7186202856905609 161
1749928108341 0.7226749070820785 162
1749928153370 0.7217348352730987 163
1749928198712 0.7203956813277271 164
1749928243550 0.7277478755852513 165
1749928288608 0.7184673390642213 166
1749928333193 0.724065994371216 167
1749928378512 0.7235306271445328 168
1749928423004 0.7219513361707078 169
1749928467629 0.7149429899544414 170
1749928512717 0.7243938612571973 171
1749928557703 0.7219686573353131 172
1749928602819 0.7258661550841602 173
1749928647463 0.7249972751382459 174
1749928692377 0.7254557117248355 175
1749928736713 0.7240087144655333 176
1749928781505 0.7180480106992309 177
1749928826935 0.7155747798520454 178
1749928871854 0.7254668818685697 179
1749928917329 0.7220966215749479 180
1749928962644 0.7159778318323616 181
1749929007697 0.7237984803663327 182
1749929052199 0.7165094677981517 183
1749929097665 0.7175636204098065 184
1749929141886 0.7210206775079756 185
1749929186667 0.7247982331072982 186
1749929231632 0.7220968320095675 187
1749929276624 0.7229125719953493 188
1749929321037 0.7214626974299231 189
1749929366015 0.7265413000573994 190
1749929410645 0.7205936068815265 191
1749929455996 0.7192985977800386 192
1749929500675 0.7267114686152976 193
1749929545687 0.7259736124112846 194
1749929590590 0.7230475614752855 195
1749929635325 0.7241349128608519 196
1749929679923 0.7229403160398087 197
1749929724418 0.7153703820484292 198
1749929768896 0.7265570641709806 199
1749929813848 0.7239196528724625 200
1749929858445 0.723021390700208 201
1749929903159 0.7202612774281864 202
1749929947689 0.7225504235371155 203
1749929992633 0.7227592579871424 204
1749930037079 0.7239182742826522 205
1749930081658 0.7186390242319239 206
1749930126026 0.7237724232665301 207
1749930171438 0.7210088779995318 208
1749930216640 0.7202143814042415 209
1749930261205 0.7191295688264573 210
1749930305894 0.7230638414014161 211
1749930350415 0.7234258164936802 212
1749930395184 0.7157572415296891 213
1749930439964 0.7199985815090506 214
1749930484377 0.7180262994577894 215
1749930529177 0.7212390820648746 216
1749930574186 0.7207597339712354 217
1749930618766 0.7178505093483596 218
1749930662899 0.7194469527812977 219
1749930707986 0.7283399129418836 220
1749930753689 0.7219758293181608 221
1749930798196 0.7159757089269514 222
1749930843174 0.7189450823994292 223
1749930887941 0.7186812528174709 224
1749930932524 0.7261174760528293 225
1749930977363 0.7205429282058637 226
1749931021958 0.7229510403196003 227
1749931066747 0.7268266736862093 228
1749931111591 0.7176803777556 229
1749931156700 0.7257179906771044 230
1749931201104 0.7252691982328984 231
1749931246736 0.7214899677745068 232
1749931291754 0.7290700991167663 233
1749931336064 0.7179334858144368 234
1749931380904 0.7259529658385703 235
1749931425182 0.7194619838055787 236
1749931469649 0.7227591787849115 237
1749931515003 0.721977651684703 238
1749931559640 0.7261967821768728 239
1749931604632 0.7184816775253537 240
1749931650061 0.7258732906653261 241
1749931695303 0.726729997829654 242
1749931740569 0.7192956986001036 243
1749931785493 0.7250116063823617 244
1749931830515 0.72988162109027 245
1749931875457 0.7197362305813924 246
1749931920288 0.7207321025187907 247
1749931965164 0.7166684295027193 248
1749932010098 0.7227772589975772 249
1749932054112 0.7242423785913453 250
1749932098543 0.7194161472556102 251
1749932143584 0.724171363032226 252
1749932188923 0.720300833813328 253
1749932233216 0.7217874827161324 254
1749932278248 0.7185982961406363 255
1749932323043 0.7168094168769783 256
1749932367682 0.7303742537959694 257
1749932413118 0.7225726100899126 258
1749932458690 0.71999133090354 259
1749932503724 0.7157506311328987 260
1749932548914 0.7273720698168049 261
1749932593462 0.7256859064647528 262
1749932638148 0.7196789725837895 263
1749932683508 0.7281136648037226 264
1749932727975 0.725765992197941 265
1749932772288 0.7306991178723229 266
1749932816631 0.7255482687949419 267
1749932861466 0.7226669421076513 268
1749932906139 0.7210023112550008 269
1749932950836 0.7281846399292589 270
1749932994755 0.7271420955181146 271
1749933039420 0.7232828914834574 272
1749933084456 0.716512707732724 273
1749933129169 0.7183033326859296 274
1749933173503 0.7205872798846916 275
1749933218102 0.719649301058745 276
1749933263219 0.7214334420660521 277
1749933308083 0.7234942761130777 278
1749933352812 0.7259641214165888 279
1749933397728 0.7236486003104582 280
1749933442209 0.7207331451009104 281
1749933486660 0.7198499292261892 282
1749933531461 0.7246587258101428 283
1749933575700 0.7176247744266763 284
1749933620470 0.723363114913999 285
1749933665420 0.7202838820628206 286
1749933709835 0.7262243395787192 287
1749933754624 0.7244582426714293 288
1749933799793 0.7233444075364839 289
1749933844540 0.7233184411474349 290
1749933889367 0.7172420555694496 291
1749933934300 0.714040442303618 292
1749933978418 0.7217827222387908 293
1749934022859 0.7276712707502057 294
1749934067345 0.7176743888669024 295
1749934112049 0.7210231099115134 296
1749934157523 0.715119456131514 297
1749934202516 0.7290908464741263 298
1749934247351 0.7169252560798016 299
1749934292201 0.7238576356830981 300
1749934336966 0.7211417326789624 301
1749934382738 0.7295349287090346 302
1749934427687 0.7262185087821333 303
1749934471990 0.7153796244368518 304
1749934516719 0.7203961270230156 305
1749934561762 0.7298124551439302 306
1749934606255 0.7233862196837095 307
1749934651726 0.7174376783940287 308
1749934698024 0.7206275537844735 309
1749934742428 0.7199264321887658 310
1749934787475 0.7332046131129074 311
1749934832940 0.7231507385011303 312
1749934877676 0.7190298777295079 313
1749934922224 0.730457788282356 314
1749934967992 0.7186592423339515 315
1749935012509 0.7276053734883255 316
1749935057005 0.7182546525450088 317
1749935101734 0.7137271543394523 318
1749935146868 0.7226934851863898 319
1749935191827 0.718487033795836 320
1749935236935 0.7227064862066547 321
1749935281019 0.7211175984808471 322
1749935326121 0.7224510051889316 323
1749935370809 0.7278965209270798 324
1749935415800 0.7274870157150929 325
1749935460713 0.7181251157546579 326
1749935505421 0.7253864701960416 327
1749935550717 0.7213367892738509 328
1749935595286 0.7206742690298642 329
1749935639296 0.7209612784233816 330
1749935684774 0.7207092734183271 331
1749935729898 0.7268194027979262 332
1749935774500 0.7275076392477593 333
1749935818835 0.7208014201846137 334
1749935864231 0.7201255739009367 335
1749935908727 0.7187090954609641 336
1749935953627 0.7197622403865289 337
1749935997722 0.7299596201830534 338
1749936042662 0.7198575473470656 339
1749936087901 0.7203176829655298 340
1749936132389 0.7261120900026546 341
1749936177613 0.72358011058924 342
1749936223070 0.7183644397009266 343
1749936267546 0.722811644518115 344
1749936312849 0.7259898253057511 345
1749936357192 0.726372561236154 346
1749936401691 0.7194450953594893 347
1749936445857 0.720873690248698 348
1749936491424 0.7273722000345219 349
1749936536630 0.7229376340006585 350
1749936580675 0.7182894674135883 351
1749936625485 0.7229542782363769 352
1749936670248 0.7238054163819175 353
1749936716526 0.724325430535667 354
1749936761848 0.7253395822082637 355
1749936806813 0.7190138933199787 356
1749936851232 0.7187820087998552 357
1749936895459 0.7214691721467832 358
1749936940236 0.7222523721812528 359
1749936985330 0.7174392838877025 360
1749937030146 0.7222587465971722 361
1749937075012 0.7209044213140257 362
1749937119785 0.7179523425767101 363
1749937163866 0.7219513474711835 364
1749937208798 0.7197796814719186 365
1749937253510 0.7221436869187708 366
1749937298259 0.7175285772579109 367
1749937342737 0.7185768708366912 368
1749937387923 0.7206044407341361 369
1749937432841 0.7208839271445374 370
1749937477604 0.7159302639136356 371
1749937522689 0.7192080300436349 372
1749937567599 0.7207054392044964 373
1749937612335 0.7249307063339794 374
1749937657365 0.7280540511427054 375
1749937702614 0.7244327297616462 376
1749937747265 0.7238787733076882 377
1749937792483 0.7217914617918091 378
1749937837233 0.71855796802569 379
1749937881766 0.7165028458401285 380
1749937926257 0.7216340184277292 381
1749937970975 0.7258263467627819 382
1749938015739 0.720163680523266 383
1749938060321 0.7221117075649084 384
1749938104841 0.7208166528025851 385
1749938149564 0.7232893270097085 386
1749938194652 0.7178775849959104 387
1749938239409 0.7184363938255266 388
1749938284560 0.7238871409463189 389
1749938329905 0.7185929804974658 390
1749938374351 0.7253152197074618 391
1749938419103 0.7230488552665014 392
1749938463070 0.7145638877252037 393
1749938508249 0.7268507290521828 394
1749938553626 0.722514147424953 395
1749938598696 0.7199660513342742 396
1749938642984 0.7183935061305006 397
1749938687685 0.72326640142011 398
1749938732704 0.7241526218743498 399
1749938777593 0.7261750232004581 400
1749938821973 0.7168792342610386 401
1749938866983 0.7234592214595508 402
1749938912177 0.7250801568093654 403
1749938956895 0.7246891002235791 404
1749939001413 0.7200552421992114 405
1749939045353 0.7156273100794652 406
1749939089768 0.72526565464796 407
1749939134825 0.7314211116744409 408
1749939180195 0.7207720126902873 409
1749939225219 0.7145042786460645 410
1749939270733 0.7188191356304187 411
1749939316187 0.7251927543774789 412
1749939360637 0.7259468192112731 413
1749939405356 0.72519996182426 414
1749939450119 0.7209083291150518 415
1749939494694 0.7184951105723828 416
1749939539250 0.7192945566918097 417
1749939583401 0.7205674279022799 418
1749939628221 0.7171463161577896 419
1749939673011 0.7232298043649034 420
1749939717161 0.7229443676605363 421
1749939762354 0.7175653755685686 422
1749939806849 0.7169624564439188 423
1749939851103 0.7254621277427168 424
1749939895875 0.7219452358360237 425
1749939941515 0.7162395867042127 426
1749939985791 0.7238080103119268 427
1749940030969 0.7184394831936751 428
1749940075362 0.720307460850903 429
1749940120543 0.7225543201799649 430
1749940165307 0.7260657401867112 431
1749940210053 0.7222037165214364 432
1749940254772 0.7227460718509984 433
1749940299513 0.7153979162175467 434
1749940344921 0.7275995310589848 435
1749940390263 0.7255213331499203 436
1749940435010 0.7266885938402158 437
1749940478865 0.7203554555443691 438
1749940523954 0.7306942518472316 439
1749940568793 0.7238985641998837 440
1749940613583 0.7245588851424433 441
1749940658637 0.7236697688906629 442
1749940703718 0.7259226792288163 443
1749940748290 0.7227953784930947 444
1749940793151 0.723605221101364 445
1749940837979 0.7187815368850495 446
1749940882904 0.7222203132847084 447
1749940927668 0.7204699908635985 448
1749940972698 0.7199121387199988 449
1749941017079 0.7153922571244166 450
1749941062198 0.726245493908166 451
1749941107061 0.7247549113401931 452
1749941152029 0.7179173995486426 453
1749941197120 0.7135588714977626 454
1749941242554 0.72766668556285 455
1749941286539 0.7210976242420107 456
1749941331839 0.7173027641641743 457
1749941377190 0.7201454332963054 458
1749941421536 0.7215435605515818 459
1749941466279 0.7197879589526011 460
1749941510942 0.7189751794520488 461
1749941555628 0.7236839964874839 462
1749941600529 0.723292922623175 463
1749941645226 0.7218992134480647 464
1749941689683 0.7205181282810268 465
1749941734491 0.7259253766515286 466
1749941778858 0.722517965608916 467
1749941823998 0.7221597546750584 468
1749941868586 0.7162194464136484 469
1749941913002 0.7234635476590479 470
1749941957390 0.7209788931887672 471
1749942001947 0.7149092256531144 472
1749942046968 0.7240547619487732 473
1749942091819 0.7275589593643278 474
1749942136357 0.7202369836704545 475
1749942180507 0.7243120556509225 476
1749942225183 0.7201630930847885 477
1749942270105 0.7167049072756242 478
1749942314998 0.7203147470113677 479
1749942359763 0.7229756363141144 480
1749942404604 0.7231047061328727 481
1749942449690 0.7237582973084279 482
1749942494315 0.7223540373170002 483
1749942538613 0.7197177410602545 484
1749942583217 0.726410446044928 485
1749942627966 0.723501876475638 486
1749942672865 0.721200580931048 487
1749942717839 0.7253499014378428 488
1749942762813 0.720148504856175 489
1749942807468 0.7231682092398732 490
1749942852096 0.7239849094176113 491
1749942896595 0.7136661279833881 492
1749942941767 0.7315838349311925 493
1749942989181 0.7183630382277555 494
1749943034975 0.7210779438170306 495
1749943079963 0.721752258105851 496
1749943124853 0.7165569756350472 497
1749943169672 0.7256202225114567 498
1749943214789 0.7201487563513593 499
1749920865071 1.8142261839790301 0
