1749856520797 25.533723313834308 0
1749856570712 35.69821508924554 1
1749856620751 39.91800409979501 2
1749856672108 41.86290685465727 3
1749856722000 43.77781110944453 4
1749856771435 45.747712614369284 5
1749856820549 46.52267386630668 6
1749856871355 46.83265836708165 7
1749856921305 47.65761711914404 8
1749856970787 48.47257637118144 9
1749857020650 50.23748812559372 10
1749857070406 50.91745412729364 11
1749857120604 52.27238638068096 12
1749857170900 52.842357882105894 13
1749857220846 54.447277636118194 14
1749857270790 55.347232638368084 15
1749857321157 56.32218389080546 16
1749857370383 56.16219189040548 17
1749857420433 57.68211589420529 18
1749857470511 58.477076146192694 19
1749857520327 58.752062396880156 20
1749857570142 59.09704514774261 21
1749857620297 59.69201539923004 22
1749857670237 60.26698665066747 23
1749857720651 60.73196340182991 24
1749857770540 61.45692715364232 25
1749857820353 61.371931403429826 26
1749857870248 62.4018799060047 27
1749857919812 62.51687415629218 28
1749857969181 62.94685265736713 29
1749858020237 63.251837408129596 30
1749858070129 62.876856157192144 31
1749858118883 64.056797160142 32
1749858169374 64.66676666166691 33
1749858219126 64.97675116244187 34
1749858268526 64.51177441127943 35
1749858318978 64.94175291235439 36
1749858368367 66.81665916704165 37
1749858417878 67.34663266836658 38
1749858468473 67.59162041897905 39
1749858518360 68.09659517024149 40
1749858568303 68.93655317234138 41
1749858618325 68.90655467226638 42
1749858668141 69.46152692365382 43
1749858717847 70.06149692515375 44
1749858768372 70.4164791760412 45
1749858817147 70.51147442627868 46
1749858867242 71.15644217789111 47
1749858917295 71.43142842857857 48
1749858965429 71.62141892905355 49
1749859015598 71.66641667916605 50
1749859065407 72.7063646817659 51
1749859115763 72.23638818059096 52
1749859164698 72.91135443227839 53
1749859214286 73.26633668316585 54
1749859263965 73.08634568271586 55
1749859313610 73.5713214339283 56
1749859363166 73.44132793360332 57
1749859412723 73.94130293485325 58
1749859463358 74.10129493525324 59
1749859512880 73.69131543422829 60
1749859561986 74.26628668566572 61
1749859611596 74.26628668566572 62
1749859662154 74.15129243537824 63
1749859711875 74.07629618519074 64
1749859761261 74.23628818559072 65
1749859810978 74.48127593620319 66
1749859860551 74.36128193590321 67
1749859909594 74.3962801859907 68
1749859959153 74.4912754362282 69
1749860009115 74.37128143592821 70
1749860058456 74.79626018699065 71
1749860108067 74.98125093745313 72
1749860157269 74.46627668616568 73
1749860206859 74.79626018699065 74
1749860257258 74.54627268636568 75
1749860307682 75.01624918754062 76
1749860357615 74.20628968551573 77
1749860406954 74.84125793710315 78
1749860456581 74.83625818709065 79
1749860506224 74.93625318734064 80
1749860556267 74.87625618719063 81
1749860605600 74.67626618669067 82
1749860655150 74.66626668666567 83
1749860704464 74.85125743712814 84
1749860753991 74.81125943702816 85
1749860803991 75.37123143842808 86
1749860854081 75.06124693765312 87
1749860904480 74.89625518724064 88
1749860953918 74.64126793660317 89
1749861003299 75.1362431878406 90
1749861052948 75.07624618769061 91
1749861102662 74.95125243737813 92
1749861153024 75.04624768761562 93
1749861202651 74.96625168741564 94
1749861252801 75.22123893805309 95
1749861302079 74.73126343682816 96
1749861352062 74.61126943652818 97
1749861402022 75.10624468776561 98
1749861451842 74.89625518724064 99
1749861501228 75.06124693765312 100
1749861550461 75.06124693765312 101
1749861599756 74.92125393730313 102
1749861649763 75.06624668766561 103
1749861699301 74.97625118744062 104
1749861749039 74.85125743712814 105
1749861800434 74.62126893655318 106
1749861850165 74.70626468676566 107
1749861899537 75.00624968751562 108
1749861949061 74.57127143642818 109
1749861998971 74.74626268686566 110
1749862049030 74.82625868706565 111
1749862099166 74.64126793660317 112
1749862149316 75.07624618769061 113
1749862199758 74.64626768661567 114
1749862249842 75.1762411879406 115
1749862299427 74.64126793660317 116
1749862349653 74.77126143692816 117
1749862398996 75.1712414379281 118
1749862448345 74.83625818709065 119
1749862497538 74.84125793710315 120
1749862546488 74.83125843707815 121
1749862596386 75.00124993750312 122
1749862646248 74.98125093745313 123
1749862696072 74.82125893705314 124
1749862745635 75.2012399380031 125
1749862794937 75.05624718764062 126
1749862845010 74.50127493625318 127
1749862894319 74.96125193740313 128
1749862944532 75.2112394380281 129
1749862994295 74.74626268686566 130
1749863043821 75.04624768761562 131
1749863093306 75.1912404379781 132
1749863143119 75.29123543822809 133
1749863192475 74.92625368731564 134
1749863243025 74.95625218739063 135
1749863292792 75.11124443777811 136
1749863342152 75.04124793760312 137
1749863392020 75.01624918754062 138
1749863441530 74.82625868706565 139
1749863491912 75.05624718764062 140
1749863541517 75.26623668816559 141
1749863591131 75.1662416879156 142
1749863640811 75.2462376881156 143
1749863690156 74.93125343732814 144
1749863740748 74.65126743662817 145
1749863790521 74.52627368631569 146
1749863840909 74.80125993700315 147
1749863890723 75.33123343832808 148
1749863940696 74.60626968651567 149
1749863989886 74.87625618719063 150
1749864039991 75.05124743762812 151
1749864102893 75.07124643767811 152
1749864153675 75.33623318834059 153
1749864203150 74.90125493725314 154
1749864252791 75.28623568821558 155
1749864301969 75.2812359382031 156
1749864351645 74.96125193740313 157
1749864401212 75.33123343832808 158
1749864451824 74.83125843707815 159
1749864501230 74.89125543722814 160
1749864550200 74.97625118744062 161
1749864599827 75.02124893755312 162
1749864649606 75.01124943752812 163
1749864699773 74.86625668716565 164
1749864748718 74.66126693665316 165
1749864797743 74.74626268686566 166
1749864847904 74.81125943702816 167
1749864897686 75.00624968751562 168
1749864947380 75.2362381880906 169
1749864996734 74.88625568721564 170
1749865047064 75.1812409379531 171
1749865097063 74.72626368681566 172
1749865145504 74.75626218689065 173
1749865195371 75.12124393780311 174
1749865245610 74.98125093745313 175
1749865295412 75.1762411879406 176
1749865344488 74.83125843707815 177
1749865394486 74.57127143642818 178
1749865443381 75.25623718814059 179
1749865494405 74.92625368731564 180
1749865545624 75.35623218839058 181
1749865594847 74.4062796860157 182
1749865645025 75.39623018849058 183
1749865694595 75.2062396880156 184
1749865744063 74.64626768661567 185
1749865794009 75.10624468776561 186
1749865843395 74.92625368731564 187
1749865893065 75.32623368831558 188
1749865942852 75.03124843757813 189
1749865991732 74.66126693665316 190
1749866040894 75.00624968751562 191
1749866090876 74.93625318734064 192
1749866140310 75.00124993750312 193
1749866189989 74.81125943702816 194
1749866240362 75.40122993850308 195
1749866290230 74.62126893655318 196
1749866340029 74.70626468676566 197
1749866389173 75.1262436878156 198
1749866439522 75.28623568821558 199
1749866489474 75.36623168841558 200
1749866539422 75.14624268786561 201
1749866588844 74.79126043697815 202
1749866638159 74.98125093745313 203
1749866688421 74.51627418629069 204
1749866738054 74.87125643717815 205
1749866787676 74.71626418679067 206
1749866836990 75.01624918754062 207
1749866887193 74.93125343732814 208
1749866936709 75.03624818759062 209
1749866986254 74.55627218639069 210
1749867036506 75.00124993750312 211
1749867086324 74.83125843707815 212
1749867136441 74.82125893705314 213
1749867186423 74.71126443677817 214
1749867236129 75.1312434378281 215
1749867285631 74.74126293685316 216
1749867335306 74.86125693715314 217
1749867384885 74.74626268686566 218
1749867434872 75.05124743762812 219
1749867484956 74.88125593720314 220
1749867534429 75.22123893805309 221
1749867584200 75.2162391880406 222
1749867633726 75.00124993750312 223
1749867683874 74.76126193690315 224
1749867733228 74.61626918654068 225
1749867783550 75.00124993750312 226
1749867832710 74.90625468726563 227
1749867882492 74.76126193690315 228
1749867933213 75.2112394380281 229
1749867982531 74.89625518724064 230
1749868031651 74.85125743712814 231
1749868081341 75.00124993750312 232
1749868131183 74.93625318734064 233
1749868180639 74.94625268736563 234
1749868229977 75.06624668766561 235
1749868279652 74.66626668666567 236
1749868329402 75.57622118894055 237
1749868380356 74.70126493675316 238
1749868429901 74.68626568671566 239
1749868479427 75.1662416879156 240
1749868528281 74.69626518674066 241
1749868578181 74.97625118744062 242
1749868628568 74.91125443727813 243
1749868678251 75.2362381880906 244
1749868728128 74.80625968701565 245
1749868777730 74.75626218689065 246
1749868827112 74.93625318734064 247
1749868876130 74.54627268636568 248
1749868926024 75.51622418879056 249
1749868977706 74.93125343732814 250
1749869027275 74.86625668716565 251
1749869077234 74.72626368681566 252
1749869126631 75.26123693815309 253
1749869176231 74.93125343732814 254
1749869225310 75.02624868756563 255
1749869275722 75.43622818859058 256
1749869324856 74.71626418679067 257
1749869373928 74.77126143692816 258
1749869423312 75.46622668866557 259
1749869473194 75.2312384380781 260
1749869522830 74.4262786860657 261
1749869573357 74.89625518724064 262
1749869623026 75.00624968751562 263
1749869672497 74.92125393730313 264
1749869722310 74.60126993650317 265
1749869772094 74.84625768711564 266
1749869821524 74.98625068746563 267
1749869871343 74.97125143742812 268
1749869920832 75.26123693815309 269
1749869970298 74.94625268736563 270
1749870020201 74.86125693715314 271
1749870069739 75.2112394380281 272
1749870118937 75.15124243787811 273
1749870169121 75.1362431878406 274
1749870218746 74.3862806859657 275
1749870268428 75.1312434378281 276
1749870318067 75.14124293785311 277
1749870368354 74.69126543672816 278
1749870417909 75.04124793760312 279
1749870467597 75.00124993750312 280
1749870517941 75.04124793760312 281
1749870567917 74.88625568721564 282
1749870617197 74.74126293685316 283
1749870667350 75.15624218789061 284
1749870717324 74.99625018749063 285
1749870767302 75.1662416879156 286
1749870817364 75.30123493825309 287
1749870866894 75.15624218789061 288
1749870917102 74.96125193740313 289
1749870966737 75.14624268786561 290
1749871017200 75.14124293785311 291
1749871067158 74.81625918704064 292
1749871116260 75.06624668766561 293
1749871165760 75.42622868856557 294
1749871215181 75.34123293835309 295
1749871265266 74.68626568671566 296
1749871314119 74.76126193690315 297
1749871364507 75.45622718864057 298
1749871414373 74.83625818709065 299
1749871463741 74.81625918704064 300
1749871513760 74.88125593720314 301
1749871563434 75.42622868856557 302
1749871613444 75.58122093895305 303
1749871663184 74.62126893655318 304
1749871713174 74.94125293735313 305
1749871762418 75.2362381880906 306
1749871812097 74.95125243737813 307
1749871861533 75.28623568821558 308
1749871910884 75.11624418779061 309
1749871960181 74.58627068646568 310
1749872009894 74.84625768711564 311
1749872059395 75.39623018849058 312
1749872108700 75.02124893755312 313
1749872157771 75.08624568771562 314
1749872206984 75.1612419379031 315
1749872257318 74.79126043697815 316
1749872306936 74.66626668666567 317
1749872356721 75.36123193840308 318
1749872406543 75.05124743762812 319
1749872457061 74.82625868706565 320
1749872506701 74.98125093745313 321
1749872556342 74.58127093645318 322
1749872605740 75.06624668766561 323
1749872654819 74.51127443627819 324
1749872704299 74.62626868656567 325
1749872754073 75.2012399380031 326
1749872803797 74.82625868706565 327
1749872853338 75.14624268786561 328
1749872903013 74.95125243737813 329
1749872952430 75.28623568821558 330
1749873001408 75.32623368831558 331
1749873050786 75.26623668816559 332
1749873100280 74.89125543722814 333
1749873150467 75.2112394380281 334
1749873199937 75.03124843757813 335
1749873249772 74.51627418629069 336
1749873299664 74.82125893705314 337
1749873349181 75.12124393780311 338
1749873398911 74.87625618719063 339
1749873447973 74.83125843707815 340
1749873497318 74.79626018699065 341
1749873547108 74.98625068746563 342
1749873596810 74.75126243687815 343
1749873647435 74.88125593720314 344
1749873697236 74.4562771861407 345
1749873746521 74.79626018699065 346
1749873795757 75.04124793760312 347
1749873844822 74.74126293685316 348
1749873894249 74.89125543722814 349
1749873943843 74.73126343682816 350
1749873993459 75.40622968851558 351
1749874043083 74.87125643717815 352
1749874093429 74.93625318734064 353
1749874143130 74.73126343682816 354
1749874192778 74.75126243687815 355
1749874241957 75.05124743762812 356
1749874291922 74.52627368631569 357
1749874341642 75.35623218839058 358
1749874391435 75.18624068796561 359
1749874440942 74.62126893655318 360
1749874489890 74.86125693715314 361
1749874539671 74.90625468726563 362
1749874589190 75.2462376881156 363
1749874639109 74.74626268686566 364
1749874689374 74.94125293735313 365
1749874738895 75.00124993750312 366
1749874788613 74.3762811859407 367
1749874838228 74.66126693665316 368
1749874888558 74.58127093645318 369
1749874937772 74.86625668716565 370
1749874987930 74.60126993650317 371
1749875037589 74.94625268736563 372
1749875087789 74.79626018699065 373
1749875137058 75.11624418779061 374
1749875186549 75.00624968751562 375
1749875235862 75.47122643867807 376
1749875285457 74.80625968701565 377
1749875334876 74.77626118694066 378
1749875384287 74.88625568721564 379
1749875433659 74.72626368681566 380
1749875483304 75.07624618769061 381
1749875532582 75.22623868806559 382
1749875582409 75.2012399380031 383
1749875632400 74.71626418679067 384
1749875682338 74.78626068696565 385
1749875732941 74.94625268736563 386
1749875781880 75.44122793860306 387
1749875831773 75.05124743762812 388
1749875881035 75.52622368881556 389
1749875930663 75.07624618769061 390
1749875980470 75.14624268786561 391
1749876030800 74.68126593670317 392
1749876079916 74.85625718714064 393
1749876129848 74.71126443677817 394
1749876180475 75.30623468826559 395
1749876229955 74.82625868706565 396
1749876279935 74.86125693715314 397
1749876328759 74.75126243687815 398
1749876379505 74.28128593570321 399
1749876430258 75.04624768761562 400
1749876481027 75.11624418779061 401
1749876531210 74.77626118694066 402
1749876580251 75.38123093845307 403
1749876628271 75.18624068796561 404
1749876679234 74.62126893655318 405
1749876729152 75.09124543772812 406
1749876780449 75.07624618769061 407
1749876830244 74.74626268686566 408
1749876880111 75.00124993750312 409
1749876928811 75.1762411879406 410
1749876977512 75.11624418779061 411
1749877025948 74.59627018649067 412
1749877074943 75.1712414379281 413
1749877124630 75.03624818759062 414
1749877174808 74.97125143742812 415
1749877225257 75.59122043897806 416
1749877274792 75.04124793760312 417
1749877324368 75.06124693765312 418
1749877374919 75.29123543822809 419
1749877424735 75.09124543772812 420
1749877474723 74.76126193690315 421
1749877524023 75.0962451877406 422
1749877573498 74.98625068746563 423
1749877623141 74.73626318684066 424
1749877673224 75.09124543772812 425
1749877723190 74.72126393680315 426
1749877771848 74.59627018649067 427
1749877819957 75.00124993750312 428
1749877869627 74.87625618719063 429
1749877919053 75.2412379381031 430
1749877968229 75.2312384380781 431
1749878017315 74.94625268736563 432
1749878066629 75.14124293785311 433
1749878116569 74.80625968701565 434
1749878166250 75.02624868756563 435
1749878216291 74.83625818709065 436
1749878266537 74.98625068746563 437
1749878316262 74.82625868706565 438
1749878366079 75.00124993750312 439
1749878416694 74.60126993650317 440
1749878466714 75.12124393780311 441
1749878516590 74.68626568671566 442
1749878566572 74.90625468726563 443
1749878616825 75.44622768861556 444
1749878667003 75.08124593770312 445
1749878716896 75.1262436878156 446
1749878766518 75.14624268786561 447
1749878816898 74.80625968701565 448
1749878867089 74.96125193740313 449
1749878916736 74.77626118694066 450
1749878966348 74.77626118694066 451
1749879015211 74.67626618669067 452
1749879064878 74.97625118744062 453
1749879114993 74.85625718714064 454
1749879165434 74.73626318684066 455
1749879215100 75.01624918754062 456
1749879265118 75.1262436878156 457
1749879315045 74.99125043747813 458
1749879365357 75.22623868806559 459
1749879415355 75.1612419379031 460
1749879465100 74.78126093695315 461
1749879515229 75.36623168841558 462
1749879564787 75.02624868756563 463
1749879614800 75.35123243837808 464
1749879664423 74.95125243737813 465
1749879714594 75.09124543772812 466
1749879764156 74.91125443727813 467
1749879814081 74.81125943702816 468
1749879863756 74.99625018749063 469
1749879913109 75.00124993750312 470
1749879962237 74.50127493625318 471
1749880011411 75.32123393830308 472
1749880062844 74.69126543672816 473
1749880114028 75.06624668766561 474
1749880163705 75.30123493825309 475
1749880213500 74.68126593670317 476
1749880263174 74.86125693715314 477
1749880312625 74.81625918704064 478
1749880362789 74.85125743712814 479
1749880413786 74.56627168641567 480
1749880463673 74.96625168741564 481
1749880513720 74.71126443677817 482
1749880563215 74.79126043697815 483
1749880613160 74.83625818709065 484
1749880664092 75.08624568771562 485
1749880714239 75.00124993750312 486
1749880763599 75.22123893805309 487
1749880814299 74.96125193740313 488
1749880864400 74.79126043697815 489
1749880913785 74.72126393680315 490
1749880963313 74.97625118744062 491
1749881013518 75.41622918854057 492
1749881063441 74.88625568721564 493
1749881113358 75.11624418779061 494
1749881163207 74.74626268686566 495
1749881212340 74.86625668716565 496
1749881262176 74.85625718714064 497
1749881312490 75.03124843757813 498
1749881362334 74.52627368631569 499
1749881412199 74.78126093695315 500
1749881462255 74.97625118744062 501
1749881512032 74.52127393630319 502
1749881561804 74.59627018649067 503
1749881610846 74.94625268736563 504
1749881660475 75.2362381880906 505
1749881710533 75.06624668766561 506
1749881760267 75.2512374381281 507
1749881809490 74.61626918654068 508
1749881860163 74.84125793710315 509
1749881910243 74.99625018749063 510
1749881959787 75.26123693815309 511
1749882010121 74.85125743712814 512
1749882059710 75.08624568771562 513
1749882109487 75.08624568771562 514
1749882159447 75.26623668816559 515
1749882208939 74.56127193640317 516
1749882258878 74.69626518674066 517
1749882305880 74.82625868706565 518
1749882350590 75.03124843757813 519
1749882395705 74.81625918704064 520
1749882440880 74.94625268736563 521
1749882485147 75.26123693815309 522
1749882530028 75.04124793760312 523
1749882573680 75.35623218839058 524
1749882618629 75.04124793760312 525
1749882663465 74.96625168741564 526
1749882707915 75.1612419379031 527
1749882753128 74.63626818659067 528
1749882797821 74.82125893705314 529
1749882842496 74.90125493725314 530
1749882886686 74.75626218689065 531
1749882931127 75.36623168841558 532
1749882975969 75.05624718764062 533
1749883020860 75.1962401879906 534
1749883066013 75.08624568771562 535
1749883110995 74.61126943652818 536
1749883155849 75.34123293835309 537
1749883200344 74.48127593620319 538
1749883245369 75.07124643767811 539
1749883289855 74.90125493725314 540
1749883334551 75.1262436878156 541
1749883379965 74.91625418729063 542
1749883424702 74.99625018749063 543
1749883468781 74.78126093695315 544
1749883513040 74.58627068646568 545
1749883557878 75.2162391880406 546
1749883602588 74.72626368681566 547
1749883647546 75.2062396880156 548
1749883692015 75.00124993750312 549
1749883737075 74.87625618719063 550
1749883781885 75.10124493775311 551
1749883827370 75.15124243787811 552
1749883872001 74.99625018749063 553
1749883916644 75.2312384380781 554
1749883962585 75.02124893755312 555
1749884007703 74.62126893655318 556
1749884052262 74.92625368731564 557
1749884096710 74.68126593670317 558
1749884140984 74.68626568671566 559
1749884185884 75.34123293835309 560
1749884230340 74.74126293685316 561
1749884275158 74.76126193690315 562
1749884320140 75.1312434378281 563
1749884364390 74.93125343732814 564
1749884409642 75.2062396880156 565
1749884454399 74.71126443677817 566
1749884498816 74.76126193690315 567
1749884544363 75.08624568771562 568
1749884588966 74.85125743712814 569
1749884633494 75.35623218839058 570
1749884678063 74.94625268736563 571
1749884723513 75.08624568771562 572
1749884768511 74.93625318734064 573
1749884814006 75.09124543772812 574
1749884858951 74.91625418729063 575
1749884903735 74.85625718714064 576
1749884948680 74.79626018699065 577
1749884993202 75.10624468776561 578
1749885038226 75.1362431878406 579
1749885082572 75.02124893755312 580
1749885127206 75.14124293785311 581
1749885171751 75.05624718764062 582
1749885216658 74.84625768711564 583
1749885261572 75.22623868806559 584
1749885306920 75.11624418779061 585
1749885353272 75.18624068796561 586
1749885398285 74.73626318684066 587
1749885443445 75.03124843757813 588
1749885488027 74.50127493625318 589
1749885532197 75.35623218839058 590
1749885576930 75.10124493775311 591
1749885621803 74.69126543672816 592
1749885666580 75.1312434378281 593
1749885711499 75.33123343832808 594
1749885756728 75.29123543822809 595
1749885800800 74.97125143742812 596
1749885845216 74.81625918704064 597
1749885889628 75.08624568771562 598
1749885934395 74.96125193740313 599
1749885979041 75.05124743762812 600
1749886023841 74.91625418729063 601
1749886067992 74.92625368731564 602
1749886112093 74.73626318684066 603
1749886156606 74.72626368681566 604
1749886200957 74.74126293685316 605
1749886246079 75.41622918854057 606
1749886291008 74.76626168691566 607
1749886335276 75.1662416879156 608
1749886380758 74.76626168691566 609
1749886425273 75.05124743762812 610
1749886470079 75.08124593770312 611
1749886515295 74.83625818709065 612
1749886559912 75.30123493825309 613
1749886605411 75.1712414379281 614
1749886650178 75.2062396880156 615
1749886695025 74.96125193740313 616
1749886740142 74.95625218739063 617
1749886785120 74.60626968651567 618
1749886829948 74.64626768661567 619
1749886874741 74.79626018699065 620
1749886919253 74.76626168691566 621
1749886964069 74.56127193640317 622
1749887008742 75.02624868756563 623
1749887053464 75.09124543772812 624
1749887097833 75.18624068796561 625
1749887142468 74.99125043747813 626
1749887187240 74.96625168741564 627
1749887232025 74.79126043697815 628
1749887277033 74.93125343732814 629
1749887321802 74.84125793710315 630
1749887366085 74.60126993650317 631
1749887409968 74.77626118694066 632
1749887455516 74.90125493725314 633
1749887500156 75.08624568771562 634
1749887544937 75.34623268836557 635
1749887589726 74.58127093645318 636
1749887633852 75.01124943752812 637
1749887679109 75.34123293835309 638
1749887723962 75.0962451877406 639
1749887768758 74.86125693715314 640
1749887813053 75.02624868756563 641
1749887858516 74.73626318684066 642
1749887903321 75.1312434378281 643
1749887948170 74.69626518674066 644
1749887992650 75.05624718764062 645
1749888038295 75.05124743762812 646
1749888082931 75.0962451877406 647
1749888122819 74.95125243737813 648
1749888167423 74.89125543722814 649
1749888212754 75.1762411879406 650
1749888257513 74.90125493725314 651
1749888302209 74.63626818659067 652
1749888346712 75.06124693765312 653
1749888391246 74.97625118744062 654
1749888436400 74.30628468576572 655
1749888481001 74.95125243737813 656
1749888525724 75.01624918754062 657
1749888570436 74.97625118744062 658
1749888615473 74.65126743662817 659
1749888660118 74.54127293635318 660
1749888704741 75.04624768761562 661
1749888749727 74.68626568671566 662
1749888794460 75.18624068796561 663
1749888839223 75.14124293785311 664
1749888884014 74.52127393630319 665
1749888928507 74.93125343732814 666
1749888973966 75.2462376881156 667
1749889018891 74.50127493625318 668
1749889063895 75.35123243837808 669
1749889108697 75.1712414379281 670
1749889153618 74.69126543672816 671
1749889198672 74.90125493725314 672
1749889243486 74.72626368681566 673
1749889288212 75.26623668816559 674
1749889332835 74.58627068646568 675
1749889377993 74.73626318684066 676
1749889422527 75.03624818759062 677
1749889467307 74.54627268636568 678
1749889511833 74.4062796860157 679
1749889556941 75.15124243787811 680
1749889601879 74.77626118694066 681
1749889646550 74.50127493625318 682
1749889691271 74.88125593720314 683
1749889736096 74.67626618669067 684
1749889780934 75.2062396880156 685
1749889826271 74.62126893655318 686
1749889870578 74.67626618669067 687
1749889915394 75.0962451877406 688
1749889960748 74.51627418629069 689
1749890005870 75.07624618769061 690
1749890050663 75.1662416879156 691
1749890095677 75.11124443777811 692
1749890140356 75.0962451877406 693
1749890184163 74.53627318634068 694
1749890228913 75.05124743762812 695
