1749856520747 1.8213381130339759 0
1749856570665 1.621461482544159 1
1749856620695 1.5313399362418658 2
1749856672070 1.4847323424541605 3
1749856721920 1.4429008233166356 4
1749856771411 1.4024743556910757 5
1749856820473 1.3749084087867902 6
1749856871320 1.3631135160032197 7
1749856921273 1.3469835295032773 8
1749856970722 1.3299036424676511 9
1749857020614 1.295624828190811 10
1749857070355 1.2773423214732609 11
1749857120556 1.255844672145465 12
1749857170861 1.2326901473556064 13
1749857220813 1.212446965734079 14
1749857270758 1.1776315340083405 15
1749857321122 1.1616666911333884 16
1749857370309 1.1553854696584114 17
1749857420404 1.1237757464813165 18
1749857470462 1.107036590358626 19
1749857520285 1.0997615835960612 20
1749857570106 1.0803926563383335 21
1749857620256 1.0699547027805745 22
1749857670202 1.0529593274173876 23
1749857720614 1.0440503628903535 24
1749857770498 1.027341804404979 25
1749857820312 1.0199814975853234 26
1749857870214 1.0059856022782854 27
1749857919755 0.9944606530869593 28
1749857969139 0.9861522600678975 29
1749858020195 0.9718856720541497 30
1749858070087 0.9670220223625126 31
1749858118851 0.9625724560439268 32
1749858169325 0.9493874036832474 33
1749858219091 0.9418208329929458 34
1749858268490 0.9409554362219575 35
1749858318919 0.9277983445130874 36
1749858368310 0.8883566035103139 37
1749858417837 0.868175096431021 38
1749858468442 0.8596015952955538 39
1749858518329 0.8424897518797365 40
1749858568265 0.8332446157101304 41
1749858618280 0.8213904924445984 42
1749858668104 0.8176751403199226 43
1749858717794 0.8099225946834258 44
1749858768308 0.7841112037568287 45
1749858817085 0.7751995204180006 46
1749858867203 0.7718782495733535 47
1749858917262 0.7640459039772601 48
1749858965387 0.7557352212040277 49
1749859015481 0.7575482804324292 50
1749859065355 0.734588462682636 51
1749859115725 0.7328120232534363 52
1749859164621 0.7171897072594414 53
1749859214231 0.7165045860791038 54
1749859263910 0.7133252903483639 55
1749859313534 0.708492537288867 56
1749859363129 0.706806869635665 57
1749859412681 0.6921415605173606 58
1749859463324 0.6994904401475063 59
1749859512839 0.6993676409990297 60
1749859561919 0.6907050649074726 61
1749859611531 0.6908275893459165 62
1749859662114 0.6902936274132414 63
1749859711836 0.6832845375291241 64
1749859761220 0.6817309534923416 65
1749859810935 0.6773278744666197 66
1749859860505 0.6816355658490314 67
1749859909546 0.6786220778310831 68
1749859959114 0.6816682748186976 69
1749860009066 0.682466180650814 70
1749860058414 0.6710519914918885 71
1749860108005 0.6750181418786341 72
1749860157233 0.675251322407714 73
1749860206802 0.6708893354137061 74
1749860257207 0.6761796441795075 75
1749860307634 0.6731409271874015 76
1749860357581 0.6798513180482066 77
1749860406914 0.6710722537572595 78
1749860456512 0.6704654191280686 79
1749860506185 0.6723016523974471 80
1749860556220 0.670612397855368 81
1749860605557 0.6758727930938058 82
1749860655088 0.6725478391517169 83
1749860704419 0.669340976938165 84
1749860753959 0.6778793964861131 85
1749860803951 0.668935328504454 86
1749860854044 0.6717348345828462 87
1749860904434 0.6709102259148977 88
1749860953867 0.6730233692141224 89
1749861003248 0.6712197388454018 90
1749861052885 0.6691439136982703 91
1749861102605 0.6704723204763453 92
1749861152990 0.6716827983963722 93
1749861202595 0.6694532368211734 94
1749861252761 0.6616378455995041 95
1749861302038 0.6730939873361175 96
1749861352001 0.6728280305886267 97
1749861401923 0.6675697976926238 98
1749861451802 0.6693282451911435 99
1749861501170 0.6691708245650988 100
1749861550419 0.6670126398648806 101
1749861599716 0.6683825868158648 102
1749861649709 0.667920362688018 103
1749861699260 0.6698720527377094 104
1749861748997 0.6718860058824776 105
1749861800396 0.6710929721660909 106
1749861850125 0.6755008393675379 107
1749861899488 0.6743786657965426 108
1749861949026 0.6721960178590239 109
1749861998949 0.6726147708973403 110
1749862048968 0.6669779547655155 111
1749862099106 0.6720533838814947 112
1749862149260 0.666095192536696 113
1749862199713 0.6732550580470802 114
1749862249808 0.6648123216214201 115
1749862299347 0.6713815437758615 116
1749862349618 0.6696768455401356 117
1749862398943 0.665589241193334 118
1749862448287 0.6747328251932545 119
1749862497468 0.6714060225699414 120
1749862546449 0.6707730171567327 121
1749862596353 0.6662732262437591 122
1749862646191 0.6683668536310774 123
1749862696019 0.6701158162242359 124
1749862745585 0.6770442264445763 125
1749862794845 0.6733188953115239 126
1749862844967 0.6740171368208762 127
1749862894277 0.6656710817798258 128
1749862944486 0.6716566336142421 129
1749862994232 0.6672287378410812 130
1749863043782 0.6691257459665202 131
1749863093246 0.6679720229985958 132
1749863143071 0.6709920864871547 133
1749863192435 0.6711320611996792 134
1749863242987 0.6664104665507615 135
1749863292752 0.6613611891224267 136
1749863342107 0.6647211061639253 137
1749863391964 0.6719739810507701 138
1749863441428 0.6759279300097162 139
1749863491875 0.6684469462013216 140
1749863541465 0.6589450362340956 141
1749863591074 0.6647415849323434 142
1749863640756 0.6665786510042582 143
1749863690110 0.6678468336743609 144
1749863740714 0.6735248985388751 145
1749863790463 0.6686242106562703 146
1749863840871 0.6694406941439961 147
1749863890678 0.6608154009618817 148
1749863940656 0.6773314341700832 149
1749863989826 0.6752276335422482 150
1749864039940 0.6637139242056947 151
1749864102839 0.6700493300964186 152
1749864153636 0.663035345592473 153
1749864203093 0.671071502956952 154
1749864252740 0.6679148763652134 155
1749864301917 0.6655005881067669 156
1749864351595 0.6702301866751564 157
1749864401172 0.6703923571307053 158
1749864451766 0.6727586552313725 159
1749864501143 0.6659661346265993 160
1749864550126 0.6714807429031625 161
1749864599766 0.6682453083071754 162
1749864649573 0.6705924986147963 163
1749864699709 0.6656122530742226 164
1749864748675 0.6682247056537173 165
1749864797699 0.6713038001750197 166
1749864847858 0.6653592027572922 167
1749864897638 0.6675982842747376 168
1749864947350 0.6682172338698281 169
1749864996663 0.6706145741137671 170
1749865047015 0.6643602395288932 171
1749865097022 0.6688668538937479 172
1749865145472 0.670533182082978 173
1749865195338 0.6670219112614335 174
1749865245545 0.6652620376995044 175
1749865295374 0.6669749684956281 176
1749865344441 0.6754926440417901 177
1749865394448 0.6681846860295373 178
1749865443300 0.671563174308291 179
1749865494301 0.6669648344484211 180
1749865545579 0.6663034859731622 181
1749865594811 0.6754556315391399 182
1749865644954 0.660100852845341 183
1749865694527 0.670892221022532 184
1749865744004 0.675395762036487 185
1749865793964 0.669645239016955 186
1749865843310 0.6594535151017994 187
1749865893013 0.6695238228863665 188
1749865942808 0.6719042969360322 189
1749865991698 0.6692503647150787 190
1749866040833 0.670860561601675 191
1749866090832 0.6733881883767597 192
1749866140276 0.673580765503656 193
1749866189938 0.67785279586979 194
1749866240304 0.6671120170759955 195
1749866290190 0.6721611290843801 196
1749866339975 0.6722440094979046 197
1749866389117 0.6648752601031905 198
1749866439465 0.6681341190861676 199
1749866489432 0.6588294421081025 200
1749866539383 0.663049171652879 201
1749866588781 0.6684968181803408 202
1749866638115 0.669274708752775 203
1749866688371 0.6752861692103068 204
1749866738002 0.6722451481802584 205
1749866787632 0.6701842712967713 206
1749866836941 0.668203805686295 207
1749866887137 0.6701733174309016 208
1749866936668 0.6680526419416868 209
1749866986201 0.6757976170984079 210
1749867036461 0.6631659843118112 211
1749867086224 0.6700480452752532 212
1749867136392 0.667940653055574 213
1749867186356 0.6700399385369495 214
1749867236065 0.6728679810763657 215
1749867285544 0.6691345566064439 216
1749867335251 0.6750058651933026 217
1749867384853 0.6769625423318248 218
1749867434837 0.6711724038052801 219
1749867484908 0.6689181826864563 220
1749867534388 0.6668318025434407 221
1749867584138 0.6660699349465379 222
1749867633675 0.6694292616935684 223
1749867683818 0.6733858915342282 224
1749867733184 0.6794278008297953 225
1749867783475 0.6642075694485039 226
1749867832663 0.6660655378657612 227
1749867882450 0.6740803116999843 228
1749867933164 0.6665978962715241 229
1749867982473 0.6764485004258021 230
1749868031589 0.6715736692134276 231
1749868081296 0.6639182613966531 232
1749868131144 0.6690566921095855 233
1749868180582 0.6642717805768685 234
1749868229911 0.670016284847455 235
1749868279605 0.6729437811876152 236
1749868329352 0.6589370976149527 237
1749868380304 0.6754331458336675 238
1749868429844 0.6734059005014646 239
1749868479372 0.6667957383777778 240
1749868528240 0.6699905240245476 241
1749868578145 0.6675987782056532 242
1749868628519 0.671964919599591 243
1749868678204 0.6710827503077513 244
1749868728031 0.6666997999677771 245
1749868777680 0.6665234427816611 246
1749868827068 0.6708900437260394 247
1749868876091 0.6697823354669582 248
1749868925970 0.659965801501857 249
1749868977651 0.6682693377732456 250
1749869027229 0.67290876955457 251
1749869077180 0.6727386647123413 252
1749869126565 0.6624419382028738 253
1749869176160 0.6668173172603123 254
1749869225255 0.6698974756825048 255
1749869275669 0.6574489926941413 256
1749869324798 0.6725765234630982 257
1749869373869 0.6714246774052365 258
1749869423260 0.6644279247483315 259
1749869473150 0.6662081969773124 260
1749869522786 0.6695273619870247 261
1749869573308 0.6699814756037825 262
1749869622979 0.66516515237 263
1749869672441 0.6656156807436084 264
1749869722250 0.6761346196157981 265
1749869772020 0.674188389741661 266
1749869821461 0.6647348325972617 267
1749869871283 0.6685122955614886 268
1749869920769 0.6615212930422366 269
1749869970252 0.6694639883162492 270
1749870020139 0.6730227537837232 271
1749870069667 0.6663394446274882 272
1749870118879 0.672552011292086 273
1749870169066 0.6695028747250381 274
1749870218714 0.6734267400447193 275
1749870268366 0.6679800478471922 276
1749870318041 0.672515112545173 277
1749870368310 0.6716611099615079 278
1749870417880 0.6656646326860006 279
1749870467534 0.6739933024021617 280
1749870517890 0.6670828276550339 281
1749870567868 0.6717268930950472 282
1749870617132 0.6732614248861379 283
1749870667310 0.6652439714050264 284
1749870717296 0.6698221784729664 285
1749870767259 0.6683939440948571 286
1749870817284 0.6618067316875226 287
1749870866816 0.6630537695100585 288
1749870917044 0.6705020670458458 289
1749870966683 0.6642705079502037 290
1749871017171 0.6715513757184579 291
1749871067112 0.668291058255925 292
1749871116223 0.664460092024543 293
1749871165710 0.6725370241167498 294
1749871215116 0.6642631442122123 295
1749871265224 0.672377819657582 296
1749871314063 0.6714108163534382 297
1749871364448 0.669230056919996 298
1749871414314 0.668932503720807 299
1749871463695 0.6665123266480242 300
1749871513675 0.6730304877225545 301
1749871563382 0.6554263408066391 302
1749871613388 0.6627204741104192 303
1749871663117 0.672579243854057 304
1749871713132 0.670133754888908 305
1749871762372 0.6606366360923909 306
1749871812046 0.6761324019928192 307
1749871861494 0.6639364963799416 308
1749871910837 0.6640683270962537 309
1749871960125 0.6682830521550324 310
1749872009840 0.6755357211807074 311
1749872059350 0.6624834838427458 312
1749872108651 0.6635834536822544 313
1749872157723 0.663761747657618 314
1749872206918 0.666192995978024 315
1749872257260 0.6719620960206427 316
1749872306871 0.6755884541826757 317
1749872356660 0.6673382029774929 318
1749872406479 0.6649232152718126 319
1749872457012 0.6670437132374691 320
1749872506650 0.6730482857332581 321
1749872556286 0.6751387182679583 322
1749872605692 0.6719768222814965 323
1749872654758 0.6713583409789204 324
1749872704246 0.6736986648082185 325
1749872754025 0.6638302417491282 326
1749872803757 0.6669776854136724 327
1749872853269 0.6683592802151747 328
1749872902969 0.6675484649068528 329
1749872952383 0.6636242296262286 330
1749873001355 0.6619006016630988 331
1749873050735 0.6688464586123616 332
1749873100228 0.6721468745669772 333
1749873150404 0.6629949836371917 334
1749873199888 0.6659481340864588 335
1749873249689 0.6743589969797317 336
1749873299583 0.6719674129093249 337
1749873349115 0.6749342370272267 338
1749873398874 0.6716174103428045 339
1749873447921 0.6707649791570289 340
1749873497251 0.6661725131626529 341
1749873547050 0.6707303860379329 342
1749873596752 0.6773562361005485 343
1749873647392 0.670317457807725 344
1749873697186 0.6805519583427777 345
1749873746461 0.6681030954586185 346
1749873795695 0.6678260781336925 347
1749873844769 0.675229689471871 348
1749873894197 0.6686009546201424 349
1749873943791 0.6737319639125924 350
1749873993382 0.6606497084055595 351
1749874043039 0.6705853553612431 352
1749874093381 0.6719029822723132 353
1749874143066 0.6724188298405686 354
1749874192730 0.6693167612079525 355
1749874241910 0.6636450077180716 356
1749874291847 0.6651563824346606 357
1749874341583 0.66930826783365 358
1749874391382 0.6595894485394672 359
1749874440890 0.6694067409471133 360
1749874489814 0.6677975637287767 361
1749874539606 0.6702022398426334 362
1749874589131 0.6663090322418312 363
1749874639058 0.6755475801146184 364
1749874689304 0.6697251963869926 365
1749874738829 0.6690747089206078 366
1749874788549 0.6734319828127713 367
1749874838183 0.6660021566807058 368
1749874888497 0.6740705005872619 369
1749874937734 0.6766561045479068 370
1749874987869 0.6708931307585011 371
1749875037516 0.6621637152442992 372
1749875087739 0.6678651688152668 373
1749875137007 0.6691994862129471 374
1749875186482 0.6663623280623193 375
1749875235779 0.6616889754537761 376
1749875285373 0.6697816500886041 377
1749875334827 0.6712495541371117 378
1749875384243 0.6699898500600986 379
1749875433571 0.6767409163056943 380
1749875483249 0.6699813451357385 381
1749875532500 0.6698278529209755 382
1749875582368 0.6726642918940765 383
1749875632358 0.6760650368838642 384
1749875682259 0.6649621213476609 385
1749875732893 0.6707585377896284 386
1749875781831 0.6642130718792172 387
1749875831711 0.6653342110491665 388
1749875880993 0.6623137952875993 389
1749875930602 0.6647447724502317 390
1749875980415 0.6644038099222472 391
1749876030743 0.6766349426315872 392
1749876079858 0.6721511661490823 393
1749876129792 0.674863778083025 394
1749876180407 0.6670427061392006 395
1749876229916 0.6720841403430917 396
1749876279887 0.6720299514125189 397
1749876328714 0.6740264661681276 398
1749876379456 0.6761567731135119 399
1749876430205 0.6688232851875866 400
1749876480967 0.6685602682828009 401
1749876531155 0.6718906684603597 402
1749876580192 0.6689639089405641 403
1749876628199 0.6682564625948181 404
1749876679183 0.672058558274517 405
1749876729043 0.6701035953499033 406
1749876780383 0.6639103079478709 407
1749876830189 0.6726661558983241 408
1749876880044 0.6701816969243033 409
1749876928762 0.6657118973514567 410
1749876977459 0.672699613989958 411
1749877025886 0.6768598749624223 412
1749877074876 0.6715193736178298 413
1749877124577 0.665620055657781 414
1749877174715 0.6707710244655937 415
1749877225202 0.6603877415067464 416
1749877274738 0.6657129802928436 417
1749877324307 0.6663655821701675 418
1749877374844 0.6600626538344714 419
1749877424684 0.6667089748964281 420
1749877474648 0.6719669098794702 421
1749877523947 0.6601469314622554 422
1749877573461 0.6698000527734691 423
1749877623073 0.6668497881660294 424
1749877673179 0.6648846437853683 425
1749877723142 0.6756186094076608 426
1749877771791 0.6687215152820774 427
1749877819900 0.6693370888086684 428
1749877869527 0.6634199505595587 429
1749877918987 0.6693321392213999 430
1749877968181 0.6629591036924517 431
1749878017280 0.6686308091178274 432
1749878066589 0.6661564262427304 433
1749878116508 0.668020038537744 434
1749878166187 0.6673877652028425 435
1749878216198 0.6698413016015211 436
1749878266472 0.6695244930802652 437
1749878316234 0.6737209187943389 438
1749878366010 0.6670342576106807 439
1749878416634 0.6723297729676238 440
1749878466653 0.6643757741440297 441
1749878516525 0.6685378515126139 442
1749878566479 0.6709371646620811 443
1749878616786 0.6657607122942076 444
1749878666948 0.6664807538261509 445
1749878716842 0.6701155947057088 446
1749878766465 0.6647127411071526 447
1749878816842 0.6719007522283473 448
1749878866999 0.672013937728887 449
1749878916686 0.6727622883134255 450
1749878966297 0.665980312771919 451
1749879015164 0.6744055335423117 452
1749879064839 0.6691323590811464 453
1749879114936 0.6648239127803246 454
1749879165390 0.6722817557469636 455
1749879215058 0.667260124757167 456
1749879265060 0.6721391730425114 457
1749879314988 0.6728129381537705 458
1749879365310 0.665482667280873 459
1749879415297 0.6632785832790737 460
1749879465044 0.6680002413277721 461
1749879515157 0.6701828549548474 462
1749879564711 0.6687731849225508 463
1749879614744 0.6623894598989343 464
1749879664354 0.6669014352815437 465
1749879714513 0.6712839119220149 466
1749879764085 0.6674434168804503 467
1749879814007 0.667676432085874 468
1749879863703 0.6667481970011631 469
1749879913034 0.6692302249832801 470
1749879962175 0.6744195988676404 471
1749880011347 0.6677068693328754 472
1749880062767 0.6782313415276005 473
1749880113959 0.6626312426684358 474
1749880163675 0.6655145720951939 475
1749880213431 0.677914996676657 476
1749880263108 0.670343502391178 477
1749880312557 0.6686859395013953 478
1749880362662 0.6728349733839011 479
1749880413734 0.6703850005985552 480
1749880463606 0.6704975178608756 481
1749880513672 0.6744738189549835 482
1749880563161 0.6712614973755286 483
1749880613072 0.6710631266647185 484
1749880664011 0.6703713790687118 485
1749880714157 0.6704827662567138 486
1749880763535 0.6682563464971079 487
1749880814215 0.6697158836706312 488
1749880864344 0.6713399828556126 489
1749880913721 0.6673061421385861 490
1749880963256 0.668447999696506 491
1749881013436 0.6698537358974946 492
1749881063374 0.6778737348375615 493
1749881113292 0.6682476495052658 494
1749881163155 0.6738789202982077 495
1749881212277 0.6699734469492473 496
1749881262080 0.6651792827531532 497
1749881312437 0.6721145399486618 498
1749881362275 0.6719109124257847 499
1749881412142 0.6757812331239749 500
1749881462208 0.6661535452718491 501
1749881511978 0.6719918924849317 502
1749881561756 0.6726054796146921 503
1749881610780 0.676093224704066 504
1749881660417 0.6665702414865178 505
1749881710467 0.6656440652909316 506
1749881760199 0.6639434625778096 507
1749881809428 0.674550515366497 508
1749881860098 0.6712971538741864 509
1749881910186 0.6695956983337891 510
1749881959705 0.6622628974447273 511
1749882010055 0.6716889357138893 512
1749882059649 0.6692392104685404 513
1749882109437 0.6679783116237858 514
1749882159401 0.6621264155033463 515
1749882208861 0.6733388999397592 516
1749882258816 0.6716662382794633 517
1749882305835 0.6648597137498322 518
1749882350514 0.6723298803295924 519
1749882395664 0.670031977128365 520
1749882440814 0.6679187619765397 521
1749882485088 0.6691470739930983 522
1749882529978 0.6632344606405354 523
1749882573643 0.6701405393851411 524
1749882618578 0.6608414587262428 525
1749882663379 0.6780618894613359 526
1749882707869 0.6649689831025517 527
1749882753076 0.6703520710036418 528
1749882797764 0.6696566939383743 529
1749882842445 0.6689365575220708 530
1749882886625 0.6691416426155783 531
1749882931075 0.6632674396422487 532
1749882975878 0.6704942497436562 533
1749883020809 0.6618899353432254 534
1749883065964 0.6661864244951605 535
1749883110934 0.6696499678428325 536
1749883155807 0.6623982836169533 537
1749883200300 0.6726571113418015 538
1749883245311 0.6725649829473557 539
1749883289804 0.6647536806878814 540
1749883334478 0.6678022691162996 541
1749883379925 0.668911205885068 542
1749883424648 0.6678049204486721 543
1749883468725 0.6662934757931149 544
1749883512997 0.67436250816148 545
1749883557832 0.6687828154381315 546
1749883602441 0.6755854178354697 547
1749883647479 0.6685835585705155 548
1749883691968 0.6672807696056238 549
1749883737021 0.6721917126538408 550
1749883781802 0.6661732956550281 551
1749883827314 0.6742018156633109 552
1749883871942 0.6732699723981225 553
1749883916596 0.6653476773569044 554
1749883962528 0.6697361187054917 555
1749884007660 0.669040866768704 556
1749884052219 0.6661177189861153 557
1749884096663 0.6751509431572081 558
1749884140917 0.6706125478101762 559
1749884185832 0.6646338056656166 560
1749884230291 0.6697262067877289 561
1749884275110 0.6652240670215761 562
1749884320098 0.6601573066600328 563
1749884364341 0.6714993236625286 564
1749884409596 0.6684334760416398 565
1749884454360 0.6672728389127571 566
1749884498756 0.6704662746021235 567
1749884544312 0.6663598452983549 568
1749884588918 0.6695238253777162 569
1749884633458 0.6661117602484097 570
1749884677971 0.6660311322028408 571
1749884723453 0.6673542528586127 572
1749884768424 0.6663774676003711 573
1749884813948 0.6648200503495525 574
1749884858912 0.6698930327769882 575
1749884903682 0.6686731766569455 576
1749884948631 0.673558030730277 577
1749884993157 0.6648071164709587 578
1749885038170 0.6635409640978748 579
1749885082506 0.6651796796823596 580
1749885127143 0.6617094519383562 581
1749885171689 0.6688399425024247 582
1749885216595 0.6668986292768911 583
1749885261506 0.6696493075815513 584
1749885306860 0.6674947182325522 585
1749885353233 0.6687688868811151 586
1749885398234 0.6750701885242223 587
1749885443406 0.6699370915195619 588
1749885487973 0.6682269091749422 589
1749885532141 0.6640981248727108 590
1749885576868 0.662989697118398 591
1749885621749 0.6717378985499759 592
1749885666514 0.6626082485088449 593
1749885711443 0.6654820775481041 594
1749885756676 0.6645048431268746 595
1749885800751 0.66572618123907 596
1749885845159 0.6677285852500674 597
1749885889565 0.6654590327980149 598
1749885934323 0.6638056843240621 599
1749885978959 0.6738964501669822 600
1749886023798 0.6731883299052134 601
1749886067943 0.6672209262263804 602
1749886112033 0.6730039151443445 603
1749886156538 0.6675500829132442 604
1749886200892 0.6748350197045938 605
1749886246025 0.6628119968305134 606
1749886290969 0.6678991704176417 607
1749886335233 0.6660640503154934 608
1749886380699 0.6680416609995258 609
1749886425217 0.6648447530417793 610
1749886470018 0.6718474710907294 611
1749886515218 0.6734452130275126 612
1749886559853 0.6654415301314403 613
1749886605362 0.6655008340619766 614
1749886650125 0.6599596548760499 615
1749886694971 0.6716980224656025 616
1749886740060 0.6684249634981382 617
1749886785065 0.6710944981057908 618
1749886829901 0.6738916144432839 619
1749886874691 0.67053465117014 620
1749886919200 0.6689726898243568 621
1749886964016 0.6690601933639315 622
1749887008686 0.6678381962726357 623
1749887053408 0.6664902084051607 624
1749887097771 0.6644622741249298 625
1749887142409 0.6670997739642818 626
1749887187187 0.6698317588743499 627
1749887231950 0.6697595596557844 628
1749887276981 0.6619113052936144 629
1749887321748 0.6699283705145817 630
1749887366030 0.6768189710316959 631
1749887409909 0.6691290316632507 632
1749887455453 0.6652325597693161 633
1749887500104 0.6680251945642515 634
1749887544873 0.6704008651133758 635
1749887589670 0.6748369105250943 636
1749887633788 0.6683839299155381 637
1749887679054 0.6621096898636742 638
1749887723908 0.6682210072392994 639
1749887768699 0.6699214326245243 640
1749887813004 0.6644988142367059 641
1749887858441 0.6725887400724195 642
1749887903283 0.6626904404680107 643
1749887948107 0.6737482423311734 644
1749887992588 0.6645190687180996 645
1749888038204 0.6672263801161942 646
1749888082877 0.6669566174678985 647
1749888122760 0.6710538640510296 648
1749888167372 0.6629885158459519 649
1749888212706 0.6627926659711593 650
1749888257455 0.6678164160822192 651
1749888302150 0.6727020407298476 652
1749888346662 0.6683197548839904 653
1749888391197 0.6686052029373991 654
1749888436359 0.6795694825738783 655
1749888480948 0.66900836723668 656
1749888525668 0.6664541231676088 657
1749888570368 0.673182323902084 658
1749888615424 0.6727628179695789 659
1749888660066 0.6768170887157623 660
1749888704681 0.6704616204457703 661
1749888749676 0.6702499447909065 662
1749888794389 0.670197302921746 663
1749888839179 0.6629247427963416 664
1749888883939 0.6775858181606834 665
1749888928448 0.6704587167122681 666
1749888973924 0.6668522871066306 667
1749889018841 0.675494265270769 668
1749889063835 0.6629992223228194 669
1749889108661 0.6628706161334904 670
1749889153555 0.6693797406777877 671
1749889198636 0.6688871270543033 672
1749889243438 0.6739220083859508 673
1749889288129 0.6655001181387006 674
1749889332790 0.667442908499111 675
1749889377941 0.6709105315539106 676
1749889422481 0.6676458451880329 677
1749889467255 0.667136817114108 678
1749889511784 0.6693973852380455 679
1749889556887 0.6696309319115133 680
1749889601822 0.6744079932374517 681
1749889646491 0.6667795365324355 682
1749889691208 0.6689239204373933 683
1749889736045 0.6722375898502819 684
1749889780882 0.6725778461685717 685
1749889826221 0.677285642810097 686
1749889870515 0.673125069999197 687
1749889915353 0.6649972075677193 688
1749889960688 0.6769530643737827 689
1749890005812 0.6726388894951856 690
1749890050575 0.6707437126989705 691
1749890095614 0.6652315677621891 692
1749890140300 0.6626100364097816 693
1749890184065 0.6765886546701116 694
1749890228866 0.6617949352128035 695
