1749921047841 26.448677566121695 0
1749921093122 36.853157342132896 1
1749921139214 41.387930603469826 2
1749921184626 43.81780910954452 3
1749921230029 44.91775411229438 4
1749921275741 46.84765761711915 5
1749921321323 47.51262436878156 6
1749921366661 48.292585370731466 7
1749921411737 49.80250987450628 8
1749921457867 50.58747062646868 9
1749921504237 51.612419379031046 10
1749921550078 52.082395880205986 11
1749921596298 53.38233088345583 12
1749921643040 54.312284385780714 13
1749921688188 55.31723413829309 14
1749921734160 55.79221038948052 15
1749921780123 56.88215589220539 16
1749921825955 57.477126143692814 17
1749921872037 58.027098645067746 18
1749921917760 58.62206889655517 19
1749921963096 59.43702814859257 20
1749922008151 58.947052647367634 21
1749922054083 60.001999900004996 22
1749922099922 61.05194740262987 23
1749922145902 60.88695565221739 24
1749922191677 61.5969201539923 25
1749922237598 62.10689465526724 26
1749922283655 62.32188390580471 27
1749922329679 62.85185740712964 28
1749922375607 62.98185090745463 29
1749922421370 63.2118394080296 30
1749922466678 64.16679166041698 31
1749922512308 64.12679366031698 32
1749922556872 64.28678566071696 33
1749922602386 64.8167591620419 34
1749922648054 65.18674066296686 35
1749922693914 65.5567221638918 36
1749922739817 65.70171491425428 37
1749922785996 65.82170891455428 38
1749922831658 66.4516774161292 39
1749922877515 66.4766761661917 40
1749922923085 66.90665466726664 41
1749922968545 68.30158492075397 42
1749923013859 69.14654267286636 43
1749923058468 69.73151342432878 44
1749923104354 70.00149992500376 45
1749923150101 70.57147142642867 46
1749923195716 70.31648417579122 47
1749923241035 71.10144492775362 48
1749923286666 72.24638768061597 49
1749923331899 72.31638418079096 50
1749923377476 72.63136843157842 51
1749923422576 72.8213589320534 52
1749923468225 73.00634968251588 53
1749923513715 73.6463176841158 54
1749923559175 73.92130393480326 55
1749923604976 74.04629768511575 56
1749923650265 73.6463176841158 57
1749923695760 74.26628668566572 58
1749923741101 74.55627218639069 59
1749923786125 74.61126943652818 60
1749923831409 75.05624718764062 61
1749923877856 75.2162391880406 62
1749923923141 74.78126093695315 63
1749923968050 74.94625268736563 64
1749924014305 75.11124443777811 65
1749924060622 75.38123093845307 66
1749924105169 74.91125443727813 67
1749924151331 75.69121543922805 68
1749924196493 75.54122293885305 69
1749924241730 75.47122643867807 70
1749924286638 76.00619969001549 71
1749924331928 75.89120543972801 72
1749924377790 75.50622468876556 73
1749924423393 75.36123193840308 74
1749924469256 75.70621468926554 75
1749924514962 75.60621968901555 76
1749924560025 75.59622018899056 77
1749924605606 75.81120943952803 78
1749924650751 75.89120543972801 79
1749924696245 76.001199940003 80
1749924741956 75.85120743962801 81
1749924787344 75.94120293985301 82
1749924832925 75.89620518974051 83
1749924878554 75.82620868956552 84
1749924924910 76.16619169041547 85
1749924970094 75.67121643917804 86
1749925014995 75.88620568971551 87
1749925061317 76.11619419029049 88
1749925107648 75.37123143842808 89
1749925153358 75.78621068946552 90
1749925198965 76.23118844057797 91
1749925244277 75.53122343882806 92
1749925289402 76.51617419129043 93
1749925334892 75.77121143942803 94
1749925380836 76.17119144042798 95
1749925426267 75.981200939953 96
1749925472195 76.39618019099045 97
1749925518130 76.14619269036548 98
1749925563484 75.70621468926554 99
1749925608981 76.061196940153 100
1749925654524 76.0161991900405 101
1749925700743 76.10119494025298 102
1749925746121 76.031198440078 103
1749925791461 76.61116944152792 104
1749925836755 76.18119094045298 105
1749925882133 75.85620718964051 106
1749925927932 75.9962001899905 107
1749925973183 75.89120543972801 108
1749926018206 76.14619269036548 109
1749926063728 75.83120843957802 110
1749926108907 75.66121693915304 111
1749926153944 76.001199940003 112
1749926199466 75.72621368931553 113
1749926245232 76.0661966901655 114
1749926290223 75.85120743962801 115
1749926335669 75.73121343932803 116
1749926381094 75.74621268936554 117
1749926426337 76.28618569071547 118
1749926471662 76.011199440028 119
1749926517043 75.991200439978 120
1749926563178 76.001199940003 121
1749926608398 76.0361981900905 122
1749926653362 76.07119644017799 123
1749926698804 75.89620518974051 124
1749926744117 76.19619019049047 125
1749926789548 76.40117994100295 126
1749926835037 75.9762011899405 127
1749926880199 75.93620318984051 128
1749926925872 75.90620468976552 129
1749926971112 75.9462026898655 130
1749927016960 75.85620718964051 131
1749927062358 75.78121093945303 132
1749927107940 75.55122243887806 133
1749927153385 76.021198940053 134
1749927198870 75.88120593970301 135
1749927244351 75.26123693815309 136
1749927290053 76.26618669066546 137
1749927335936 75.89120543972801 138
1749927381053 75.961201939903 139
1749927426560 75.84620768961553 140
1749927472202 76.42117894105294 141
1749927517265 75.97120143992801 142
1749927562881 75.84620768961553 143
1749927608590 75.951202439878 144
1749927653767 75.90620468976552 145
1749927699142 75.78621068946552 146
1749927744749 75.59122043897806 147
1749927789805 76.11619419029049 148
1749927835603 76.00619969001549 149
1749927881093 75.51622418879056 150
1749927926741 75.73621318934053 151
1749927971831 75.68121593920304 152
1749928017286 76.10619469026548 153
1749928062910 75.82620868956552 154
1749928108344 75.81620918954053 155
1749928153935 75.87620618969052 156
1749928199245 76.08119594020299 157
1749928244726 75.93120343982801 158
1749928290284 75.93620318984051 159
1749928335779 76.27118644067797 160
1749928381031 75.63621818909054 161
1749928426656 75.961201939903 162
1749928472113 76.061196940153 163
1749928518215 76.33618319084046 164
1749928562947 75.9562021898905 165
1749928608196 76.46117694115294 166
1749928653715 76.33118344082796 167
1749928699063 76.33118344082796 168
1749928744732 75.71121443927804 169
1749928789976 76.37118144092796 170
1749928835072 76.00619969001549 171
1749928879948 76.58117094145292 172
1749928924417 76.18119094045298 173
1749928970351 76.23618819059047 174
1749929015436 76.04119794010299 175
1749929061015 76.14619269036548 176
1749929105598 76.04619769011549 177
1749929151686 75.93120343982801 178
1749929196690 75.93120343982801 179
1749929241685 76.18119094045298 180
1749929287338 75.81120943952803 181
1749929332546 76.16119194040299 182
1749929377897 75.87620618969052 183
1749929423791 76.061196940153 184
1749929468385 76.13119344032799 185
1749929513351 75.72121393930304 186
1749929559021 76.001199940003 187
1749929604387 76.29618519074046 188
1749929649882 75.71621418929054 189
1749929695279 75.77621118944053 190
1749929741197 76.16119194040299 191
1749929786413 75.94120293985301 192
1749929832000 76.09119544022799 193
1749929877741 75.90120493975301 194
1749929922987 75.78121093945303 195
1749929968273 76.10619469026548 196
1749930014092 75.37123143842808 197
1749930059882 75.84620768961553 198
1749930105059 75.39123043847808 199
1749930150349 75.85620718964051 200
1749930195602 75.87120643967802 201
1749930240814 76.17119144042798 202
1749930286344 76.17619119044048 203
1749930331893 75.81120943952803 204
1749930376897 75.82620868956552 205
1749930422331 76.36618169091545 206
1749930467839 76.21118944052797 207
1749930513219 76.001199940003 208
1749930558153 75.9862006899655 209
1749930603598 76.031198440078 210
1749930649734 75.74621268936554 211
1749930694714 75.97120143992801 212
1749930739799 75.97120143992801 213
1749930785775 76.51117444127793 214
1749930830835 76.0961951902405 215
1749930876007 75.81120943952803 216
1749930921741 75.93120343982801 217
1749930967339 75.60621968901555 218
1749931012499 75.88120593970301 219
1749931058069 76.33618319084046 220
1749931103312 75.63121843907804 221
1749931148571 76.021198940053 222
1749931194039 75.91120443977802 223
1749931239773 76.14119294035298 224
1749931285086 75.47622618869056 225
1749931330978 76.07619619019049 226
1749931376272 75.991200439978 227
1749931422337 76.11619419029049 228
1749931468317 75.87120643967802 229
1749931513076 76.0561971901405 230
1749931558722 75.9462026898655 231
1749931604129 76.27118644067797 232
1749931649718 75.85120743962801 233
1749931694863 76.08119594020299 234
1749931740125 76.16619169041547 235
1749931785541 75.49122543872807 236
1749931831161 76.33118344082796 237
1749931876344 75.94120293985301 238
1749931921562 76.21118944052797 239
1749931967003 76.29118544072796 240
1749932012548 76.04619769011549 241
1749932058554 76.40617969101545 242
1749932103827 75.85620718964051 243
1749932149813 75.50622468876556 244
1749932194858 75.9162041897905 245
1749932240947 75.81620918954053 246
1749932286219 75.54122293885305 247
1749932331529 75.91120443977802 248
1749932377037 76.25618719064047 249
1749932422195 75.83120843957802 250
1749932466577 76.0261986900655 251
1749932511777 76.37118144092796 252
1749932556924 76.061196940153 253
1749932602539 75.9762011899405 254
1749932647460 76.26618669066546 255
1749932692310 75.89120543972801 256
1749932737867 76.00619969001549 257
1749932784139 75.82120893955302 258
1749932829770 75.93620318984051 259
1749932875327 76.14619269036548 260
1749932920422 75.85620718964051 261
1749932966173 75.85620718964051 262
1749933012404 75.981200939953 263
1749933057640 75.84620768961553 264
1749933102813 75.64121793910304 265
1749933148137 76.00619969001549 266
1749933193983 75.82620868956552 267
1749933239511 76.14619269036548 268
1749933284286 75.9762011899405 269
1749933330015 75.78121093945303 270
1749933375103 75.85120743962801 271
1749933421010 76.12119394030299 272
1749933466934 76.23618819059047 273
1749933512427 76.36618169091545 274
1749933557858 75.9462026898655 275
1749933603768 76.12119394030299 276
1749933649285 75.9162041897905 277
1749933694388 76.04119794010299 278
1749933740137 76.18119094045298 279
1749933785691 76.001199940003 280
1749933830870 76.43617819109045 281
1749933876387 76.26118694065296 282
1749933921657 75.9162041897905 283
1749933967599 76.45117744112794 284
1749934013250 76.28618569071547 285
1749934059405 76.14119294035298 286
1749934105023 75.77121143942803 287
1749934150119 75.961201939903 288
1749934194750 75.9962001899905 289
1749934240293 76.10619469026548 290
1749934285353 76.07119644017799 291
1749934330725 75.87620618969052 292
1749934375483 75.83620818959052 293
1749934420556 75.69621518924053 294
1749934466253 76.0161991900405 295
1749934512094 75.88620568971551 296
1749934557339 75.72621368931553 297
1749934603120 75.961201939903 298
1749934649121 76.021198940053 299
1749934695602 75.94120293985301 300
1749934741677 76.10619469026548 301
1749934787203 76.24618769061547 302
1749934832953 76.21118944052797 303
1749934878486 75.79621018949052 304
1749934924065 76.05119744012799 305
1749934970700 75.9762011899405 306
1749935016140 75.61621918904055 307
1749935061937 76.0361981900905 308
1749935107193 76.21118944052797 309
1749935152413 75.57622118894055 310
1749935197652 75.74621268936554 311
1749935244410 75.961201939903 312
1749935289893 75.87620618969052 313
1749935334803 75.75621218939052 314
1749935380728 75.64621768911555 315
1749935425347 76.00619969001549 316
1749935470740 75.64621768911555 317
1749935515815 75.73621318934053 318
1749935561284 76.011199440028 319
1749935607398 76.33618319084046 320
1749935653271 75.92120393980301 321
1749935700062 76.33618319084046 322
1749935746595 76.14119294035298 323
1749935792160 76.05119744012799 324
1749935837751 75.90120493975301 325
1749935883384 75.81120943952803 326
1749935929202 76.08119594020299 327
1749935974634 76.05119744012799 328
1749936020226 76.11619419029049 329
1749936065647 75.74121293935303 330
1749936110735 76.0161991900405 331
1749936157135 76.10119494025298 332
1749936202352 76.11619419029049 333
1749936247531 75.87120643967802 334
1749936292646 76.07619619019049 335
1749936338115 76.14119294035298 336
1749936384070 75.76621168941553 337
1749936430076 75.83120843957802 338
1749936475036 76.07619619019049 339
1749936519968 76.10119494025298 340
1749936565302 75.9962001899905 341
1749936611486 75.75621218939052 342
1749936656826 75.951202439878 343
1749936703645 76.0161991900405 344
1749936749735 76.07619619019049 345
1749936794717 76.11619419029049 346
1749936840317 75.81120943952803 347
1749936886170 75.991200439978 348
1749936931601 76.16619169041547 349
1749936976836 76.19619019049047 350
1749937021828 76.34118294085296 351
1749937067272 76.30118494075296 352
1749937112724 76.24618769061547 353
1749937158217 75.55622218889056 354
1749937203764 76.061196940153 355
1749937249178 76.011199440028 356
1749937294570 76.22618869056546 357
1749937340474 75.70621468926554 358
1749937385721 75.60121993900304 359
1749937431063 76.16119194040299 360
1749937476360 76.14619269036548 361
1749937522069 76.44617769111544 362
1749937567633 75.79621018949052 363
1749937613230 76.00619969001549 364
1749937658592 76.16619169041547 365
1749937703820 75.59622018899056 366
1749937749604 75.60621968901555 367
1749937794424 75.9462026898655 368
1749937840094 76.25618719064047 369
1749937885659 75.59622018899056 370
1749937931178 76.31118444077796 371
1749937976958 75.87120643967802 372
1749938022004 75.85620718964051 373
1749938067806 75.96620168991551 374
1749938113243 75.77621118944053 375
1749938158754 76.0661966901655 376
1749938203790 75.65621718914055 377
1749938249485 76.17119144042798 378
1749938294606 75.87620618969052 379
1749938339586 76.18619069046548 380
1749938385662 76.15619219039048 381
1749938432592 76.33118344082796 382
1749938478391 76.04619769011549 383
1749938523597 76.04119794010299 384
1749938569941 75.9462026898655 385
1749938615797 76.27118644067797 386
1749938661843 76.09119544022799 387
1749938707761 75.93120343982801 388
1749938754346 76.15119244037798 389
1749938799964 75.88120593970301 390
1749938845366 76.60116994150293 391
1749938890806 75.92120393980301 392
1749938936074 75.84620768961553 393
1749938981218 76.21118944052797 394
1749939027573 76.07119644017799 395
1749939073353 75.51622418879056 396
1749939118464 76.18119094045298 397
1749939164187 76.021198940053 398
1749939209265 75.82620868956552 399
1749939254160 76.17619119044048 400
1749939298899 76.11119444027798 401
1749939344111 75.76121193940303 402
1749939389664 75.89620518974051 403
1749939434697 76.30618469076546 404
1749939480577 76.0361981900905 405
1749939526130 75.88620568971551 406
1749939571647 76.11619419029049 407
1749939617654 75.981200939953 408
1749939663031 75.87120643967802 409
1749939708700 75.88620568971551 410
1749939753777 76.51117444127793 411
1749939799327 75.9962001899905 412
1749939844791 76.45117744112794 413
1749939890148 75.82120893955302 414
1749939935412 75.75121243937804 415
1749939980722 76.22618869056546 416
1749940025843 75.72621368931553 417
1749940071863 76.19119044047798 418
1749940116832 76.25618719064047 419
1749940161894 75.90120493975301 420
1749940207324 76.13119344032799 421
1749940253281 76.11119444027798 422
1749940298965 75.78121093945303 423
1749940345063 76.04119794010299 424
1749940390011 75.9962001899905 425
1749940435721 76.07619619019049 426
1749940481787 75.87620618969052 427
1749940527226 75.75621218939052 428
1749940572627 76.29118544072796 429
1749940618243 76.33618319084046 430
1749940663339 76.28618569071547 431
1749940708427 75.73621318934053 432
1749940753788 75.75621218939052 433
1749940799062 75.9862006899655 434
1749940844745 76.10119494025298 435
1749940889938 75.9762011899405 436
1749940935522 75.83120843957802 437
1749940980981 76.25118744062797 438
1749941026483 75.90620468976552 439
1749941071855 75.87120643967802 440
1749941116716 76.0161991900405 441
1749941161945 76.061196940153 442
1749941206773 75.90620468976552 443
1749941252353 76.07119644017799 444
1749941298096 76.24118794060297 445
1749941342717 76.11619419029049 446
1749941388069 75.89620518974051 447
1749941433904 76.25618719064047 448
1749941479150 76.31618419079047 449
1749941524670 75.89120543972801 450
1749941570008 75.93620318984051 451
1749941614956 75.90120493975301 452
1749941661144 75.85620718964051 453
1749941706274 76.04619769011549 454
1749941752023 76.12619369031549 455
1749941797567 76.10119494025298 456
1749941843049 76.07619619019049 457
1749941888585 76.0561971901405 458
1749941934071 75.88120593970301 459
1749941979748 76.04119794010299 460
1749942025783 76.30618469076546 461
1749942071430 75.68621568921554 462
1749942117205 75.981200939953 463
1749942163003 75.84620768961553 464
1749942208522 75.961201939903 465
1749942253756 76.11119444027798 466
1749942299341 75.64121793910304 467
1749942344900 76.15119244037798 468
1749942389963 75.94120293985301 469
1749942435433 76.08619569021549 470
1749942481554 76.05119744012799 471
1749942527326 75.79121043947802 472
1749942572783 75.9162041897905 473
1749942618509 76.28618569071547 474
1749942663702 75.9162041897905 475
1749942708779 76.16619169041547 476
1749942754179 76.04119794010299 477
1749942799061 76.39118044097795 478
1749942844753 76.29618519074046 479
1749942890134 75.87620618969052 480
1749942935339 76.30118494075296 481
1749942982589 75.80620968951553 482
1749943028666 76.15619219039048 483
1749943073994 76.38618069096545 484
1749943119314 76.21618919054048 485
1749943164759 76.37118144092796 486
1749943210115 76.0661966901655 487
1749943237255 76.17119144042798 488
1749943260715 75.89620518974051 489
1749943284124 75.981200939953 490
1749943307515 75.87620618969052 491
1749943330976 76.00619969001549 492
1749943354556 75.91120443977802 493
1749943377961 76.0161991900405 494
1749943401404 75.93120343982801 495
1749943424839 75.88620568971551 496
1749943448254 76.22118894055298 497
1749943471682 75.77621118944053 498
1749943495081 76.30118494075296 499
1749921047841 26.448677566121695 0
