1749921047814 1.808076208910044 0
1749921093089 1.5930802827119577 1
1749921139183 1.4999767913144146 2
1749921184589 1.4472680858812133 3
1749921229970 1.414012745463081 4
1749921275709 1.3844846277783844 5
1749921321301 1.3603772656463764 6
1749921366631 1.334040071968913 7
1749921411716 1.3103381255335655 8
1749921457824 1.2845886126469805 9
1749921504205 1.272246363478764 10
1749921550046 1.2521863367717139 11
1749921596256 1.2281541308548014 12
1749921643018 1.2048669717149862 13
1749921688147 1.1870935725099498 14
1749921734124 1.1702575359122287 15
1749921780097 1.1433107603145214 16
1749921825925 1.1244343102773984 17
1749921872006 1.1050426103515534 18
1749921917726 1.1035294719865505 19
1749921963064 1.077437084023103 20
1749922008120 1.0797618736202053 21
1749922054051 1.0579361158826042 22
1749922099889 1.0368704983672048 23
1749922145868 1.035091408443036 24
1749922191657 1.0199157168052118 25
1749922237450 1.0094830952677871 26
1749922283494 1.000528646525094 27
1749922329640 0.9877346144580024 28
1749922375568 0.9817704938601317 29
1749922421328 0.9744284837092526 30
1749922466641 0.9615976223796137 31
1749922512281 0.9551603142055689 32
1749922556839 0.9454871980460082 33
1749922602355 0.9464003940706438 34
1749922648016 0.9270352620010668 35
1749922693878 0.9171764152800165 36
1749922739785 0.9136032073666207 37
1749922785956 0.9128188473553331 38
1749922831622 0.8944089118912604 39
1749922877482 0.892019794902875 40
1749922923050 0.8889523945500342 41
1749922968503 0.846782742402034 42
1749923013826 0.8242787919183485 43
1749923058430 0.811698444740074 44
1749923104330 0.7983507540194871 45
1749923150053 0.7867450473052395 46
1749923195680 0.7856171769646667 47
1749923240998 0.7647763129311986 48
1749923286630 0.7414730781078649 49
1749923331857 0.7413179847934677 50
1749923377440 0.7342722923730255 51
1749923422517 0.7240739783718135 52
1749923468188 0.7226728751810663 53
1749923513681 0.70461822117837 54
1749923559137 0.7021536697332715 55
1749923604942 0.6896863978336194 56
1749923650226 0.6979384925370097 57
1749923695713 0.681831573135918 58
1749923741064 0.6745490743662469 59
1749923786099 0.6770743507366468 60
1749923831368 0.6703065009833777 61
1749923877818 0.6669047870958908 62
1749923923102 0.6694471152578197 63
1749923968010 0.6686884030348825 64
1749924014272 0.6547650047811435 65
1749924060592 0.6546834435536143 66
1749924105133 0.6633773545468845 67
1749924151296 0.6515416036480147 68
1749924196443 0.6538922707442433 69
1749924241685 0.6560828990041897 70
1749924286578 0.6444249898806184 71
1749924331891 0.6526550227335397 72
1749924377747 0.6521121613902215 73
1749924423355 0.6541418406201013 74
1749924469220 0.6433501086898532 75
1749924514925 0.6433410316722095 76
1749924559992 0.6439776603749178 77
1749924605564 0.6494052736623651 78
1749924650715 0.6428434977518477 79
1749924696214 0.6418790360235177 80
1749924741921 0.6454442065168361 81
1749924787309 0.6467238084524073 82
1749924832886 0.6461499209395289 83
1749924878490 0.647951950903196 84
1749924924871 0.6400162217197335 85
1749924970057 0.6482887229645683 86
1749925014960 0.6458729346283293 87
1749925061274 0.6424544474272887 88
1749925107617 0.6494228351170418 89
1749925153333 0.6423113844950886 90
1749925198938 0.6406823416232085 91
1749925244253 0.6461385762737392 92
1749925289363 0.6387169924827046 93
1749925334826 0.6457964052296205 94
1749925380795 0.644163276176382 95
1749925426229 0.6438058872269629 96
1749925472164 0.6393741043982527 97
1749925518093 0.64036057029484 98
1749925563448 0.6407846828370289 99
1749925608941 0.6434701410068714 100
1749925654488 0.6424027800196428 101
1749925700691 0.6441578713782244 102
1749925746084 0.6420554717083787 103
1749925791435 0.6391012638287272 104
1749925836722 0.6400492602208574 105
1749925882098 0.6441371854567706 106
1749925927892 0.6402665794292073 107
1749925973152 0.6466391306000908 108
1749926018172 0.6380488673190309 109
1749926063678 0.6412093327001455 110
1749926108874 0.6435862903409967 111
1749926153902 0.6415395702728838 112
1749926199428 0.6489931951194493 113
1749926245201 0.6398426619424062 114
1749926290179 0.6451082509026862 115
1749926335631 0.6495066854537865 116
1749926381060 0.6511741164608602 117
1749926426307 0.6375035553370456 118
1749926471629 0.6450658885426929 119
1749926517009 0.6441123446962486 120
1749926563142 0.6425376229688863 121
1749926608358 0.6429758455346724 122
1749926653317 0.6477032138653906 123
1749926698768 0.647475108454379 124
1749926744080 0.6434846483739065 125
1749926789507 0.6393498374959135 126
1749926835002 0.6385217796271517 127
1749926880160 0.646278804388352 128
1749926925840 0.6473769020941262 129
1749926971079 0.6418768520024674 130
1749927016920 0.647023558643459 131
1749927062321 0.6451661175033175 132
1749927107914 0.6431313883000079 133
1749927153345 0.6409432467038373 134
1749927198829 0.6422316822807322 135
1749927244295 0.6515715530255897 136
1749927290015 0.6450462861333118 137
1749927335875 0.6421540691091933 138
1749927381026 0.6431044585320015 139
1749927426510 0.6448578686959969 140
1749927472163 0.6392046166690527 141
1749927517221 0.6397275215661214 142
1749927562845 0.6393575370300795 143
1749927608537 0.6448144179500047 144
1749927653728 0.6345385452012102 145
1749927699109 0.642935059379443 146
1749927744726 0.6505516272867615 147
1749927789769 0.6387408272683185 148
1749927835560 0.6408204442888169 149
1749927881051 0.6486254897625898 150
1749927926705 0.6433030300680134 151
1749927971790 0.6493495089859612 152
1749928017252 0.6389743092939094 153
1749928062890 0.6413247870788604 154
1749928108318 0.6485712212697546 155
1749928153890 0.643829217958877 156
1749928199212 0.6396957010836859 157
1749928244693 0.6399062329110822 158
1749928290244 0.6463526997719519 159
1749928335740 0.6399475408520653 160
1749928380993 0.6425346325090019 161
1749928426618 0.6465107311779759 162
1749928472087 0.645138148146685 163
1749928518153 0.6390796519894522 164
1749928562910 0.6375762443531514 165
1749928608165 0.6365406266761228 166
1749928653687 0.6394342278952623 167
1749928699023 0.6365112814768977 168
1749928744675 0.6511430031573449 169
1749928789937 0.6399456010890671 170
1749928835032 0.6429907376274729 171
1749928879909 0.6409714906896676 172
1749928924382 0.6443839112339446 173
1749928970316 0.6443865688423724 174
1749929015404 0.6449724117943146 175
1749929060972 0.640569845734045 176
1749929105545 0.6422763181551654 177
1749929151646 0.6421208883439247 178
1749929196657 0.6436320174831693 179
1749929241651 0.6368963357656605 180
1749929287305 0.6471993201411096 181
1749929332508 0.6344597634185279 182
1749929377852 0.6474537112704992 183
1749929423755 0.6434884507708786 184
1749929468341 0.6437124636738153 185
1749929513314 0.6397661257908288 186
1749929558989 0.6440355070268718 187
1749929604342 0.6372562299239135 188
1749929649842 0.6441388657096505 189
1749929695246 0.6433227906579775 190
1749929741170 0.6479643321825227 191
1749929786378 0.6465164761317741 192
1749929831952 0.6350864652609636 193
1749929877710 0.6429789782607503 194
1749929922945 0.6465320671878244 195
1749929968228 0.6397997690948163 196
1749930014049 0.6536216606623435 197
1749930059852 0.6432381486703167 198
1749930105020 0.652321855602643 199
1749930150317 0.6450594020145523 200
1749930195552 0.6427492624306391 201
1749930240780 0.6455726401815101 202
1749930286302 0.6388225598497025 203
1749930331853 0.6433321064329172 204
1749930376860 0.6409962449024814 205
1749930422294 0.6412232869696923 206
1749930467812 0.6422795302032364 207
1749930513172 0.6453778225954434 208
1749930558118 0.6393256918661988 209
1749930603544 0.6420746536101349 210
1749930649695 0.6449079842580795 211
1749930694680 0.6468492836187758 212
1749930739754 0.6404196120734144 213
1749930785739 0.6334956791167151 214
1749930830792 0.6405478761342875 215
1749930875969 0.6423157293417115 216
1749930921708 0.6461417954907728 217
1749930967294 0.6495595740459006 218
1749931012447 0.642218226421166 219
1749931058033 0.6380708487199179 220
1749931103277 0.6474900987304918 221
1749931148522 0.6411536906627344 222
1749931193999 0.6400214708374117 223
1749931239735 0.6426396083190473 224
1749931285040 0.6473737011450027 225
1749931330939 0.6432203085257062 226
1749931376230 0.6435242913956553 227
1749931422300 0.6394291074320612 228
1749931468274 0.6462614737426118 229
1749931513038 0.6350593045379965 230
1749931558683 0.643765843204469 231
1749931604091 0.6378022858136464 232
1749931649693 0.6445573205548784 233
1749931694822 0.6439794588342892 234
1749931740094 0.6410257845247115 235
1749931785497 0.6440424078864149 236
1749931831122 0.639419994218699 237
1749931876320 0.6450734471274664 238
1749931921507 0.6393415210543677 239
1749931966967 0.640226905905934 240
1749932012500 0.638755598030569 241
1749932058506 0.6384436975514363 242
1749932103793 0.6466258542116663 243
1749932149767 0.6442980100426589 244
1749932194813 0.6434525788164868 245
1749932240885 0.6411581797502284 246
1749932286182 0.6482262605190587 247
1749932331482 0.6423703851440443 248
1749932376998 0.6400631787711266 249
1749932422151 0.6441433292812994 250
1749932466537 0.638802738486156 251
1749932511749 0.641473773164896 252
1749932556884 0.6406465925983676 253
1749932602499 0.6456814019928547 254
1749932647417 0.6381195190001158 255
1749932692268 0.6408901479111797 256
1749932737819 0.646107894032605 257
1749932784100 0.6495940365971199 258
1749932829731 0.6442373214104874 259
1749932875286 0.6402454606998349 260
1749932920379 0.6404846744009044 261
1749932966121 0.6441332067431739 262
1749933012367 0.6453154959258786 263
1749933057604 0.6465342365949192 264
1749933102760 0.6486599081214097 265
1749933148094 0.6456185577690682 266
1749933193946 0.6439941466006629 267
1749933239474 0.639586760135813 268
1749933284247 0.6423937181080409 269
1749933329974 0.6449571738069781 270
1749933375067 0.6424725073455876 271
1749933420980 0.6369394210305852 272
1749933466866 0.6386501261305376 273
1749933512386 0.6403924523636756 274
1749933557815 0.6462972958823048 275
1749933603728 0.6475419342684737 276
1749933649239 0.644233356016722 277
1749933694349 0.6425641131492849 278
1749933740094 0.6406991040609484 279
1749933785656 0.6384437972739615 280
1749933830827 0.6367314220946954 281
1749933876353 0.6412311991771027 282
1749933921618 0.6414855357193299 283
1749933967559 0.6396120334647845 284
1749934013200 0.6409650194985254 285
1749934059364 0.6377974822159904 286
1749934104979 0.6406244415964736 287
1749934150084 0.6417180886703067 288
1749934194695 0.640137655115993 289
1749934240241 0.641023610485869 290
1749934285319 0.6429036242873315 291
1749934330686 0.642212692394679 292
1749934375445 0.6427509083164542 293
1749934420511 0.6419051660489371 294
1749934466217 0.6380770012030785 295
1749934512049 0.645886762613869 296
1749934557295 0.6371499358770293 297
1749934603090 0.6416987915389759 298
1749934649078 0.6446692395654895 299
1749934695547 0.6372795782174583 300
1749934741636 0.6452029027690334 301
1749934787174 0.6410253514177138 302
1749934832924 0.6342228303539247 303
1749934878457 0.6423660861298909 304
1749934924023 0.6435478102486764 305
1749934970649 0.6428611761426622 306
1749935016102 0.6476453321616975 307
1749935061896 0.6388355068406858 308
1749935107156 0.6375475034648899 309
1749935152375 0.648038291953801 310
1749935197613 0.6465748495641014 311
1749935244370 0.6400709971208154 312
1749935289847 0.6510177204555544 313
1749935334764 0.6476862805526582 314
1749935380674 0.6480398994166578 315
1749935425303 0.6452323456691698 316
1749935470696 0.6392241035793479 317
1749935515777 0.6412932822766421 318
1749935561256 0.6444232498822847 319
1749935607355 0.6318911458876657 320
1749935653227 0.6477954365396122 321
1749935700009 0.6399227250284519 322
1749935746535 0.6370502233849449 323
1749935792120 0.6443086824121013 324
1749935837707 0.644986141487024 325
1749935883337 0.6440646671646044 326
1749935929137 0.6419940863083475 327
1749935974590 0.6480606017047289 328
1749936020181 0.6416141997873231 329
1749936065559 0.6435505961903376 330
1749936110689 0.6413547375322455 331
1749936157079 0.6393118666133955 332
1749936202309 0.6418643181732038 333
1749936247467 0.6423872416808923 334
1749936292600 0.6392311858350673 335
1749936338071 0.6365101833437915 336
1749936384032 0.6476910262815678 337
1749936430031 0.6419718737459428 338
1749936474987 0.6408047927367044 339
1749936519915 0.6467259358241242 340
1749936565259 0.6396232005697651 341
1749936611425 0.648734206450259 342
1749936656781 0.6423129910698807 343
1749936703601 0.6439680645128625 344
1749936749705 0.6411642857321703 345
1749936794678 0.6376630516773227 346
1749936840269 0.6426693504377935 347
1749936886132 0.6394931560582099 348
1749936931555 0.6402385309305044 349
1749936976771 0.6423784325727313 350
1749937021778 0.6322981840682461 351
1749937067223 0.6407039880739153 352
1749937112680 0.6343317128415048 353
1749937158160 0.6423531483739061 354
1749937203730 0.6401598370079398 355
1749937249138 0.6440282206280006 356
1749937294513 0.6414069819763883 357
1749937340407 0.647968847385557 358
1749937385672 0.6492129512327527 359
1749937431024 0.644738722703414 360
1749937476300 0.6366813103977809 361
1749937522032 0.6339313456204098 362
1749937567603 0.6414393714461158 363
1749937613187 0.6448624041994049 364
1749937658559 0.6440622627505671 365
1749937703787 0.6493857529728265 366
1749937749549 0.6483738496717075 367
1749937794358 0.6385964225169498 368
1749937840043 0.6379764030682529 369
1749937885618 0.6485848083453657 370
1749937931128 0.6418592213785689 371
1749937976918 0.640370739644113 372
1749938021948 0.6415887366031565 373
1749938067759 0.6476716021586464 374
1749938113194 0.6445267422933184 375
1749938158685 0.6378241669062482 376
1749938203743 0.6461716323509166 377
1749938249438 0.6442513976310004 378
1749938294551 0.6423925094160817 379
1749938339528 0.6403271218763757 380
1749938385618 0.6371962635774957 381
1749938432540 0.637977974163664 382
1749938478344 0.638619055142947 383
1749938523551 0.6413414587849862 384
1749938569888 0.6427571404833154 385
1749938615725 0.6423528415330932 386
1749938661802 0.641630676119192 387
1749938707721 0.6387742163553743 388
1749938754316 0.6403685069359527 389
1749938799914 0.6418164957464293 390
1749938845324 0.6378579586125941 391
1749938890753 0.6438521220263145 392
1749938936017 0.6420286254735954 393
1749938981168 0.6394566295206663 394
1749939027525 0.643310640249948 395
1749939073314 0.6437448306819105 396
1749939118418 0.6379220717686735 397
1749939164146 0.6414649315693576 398
1749939209223 0.6427272260740372 399
1749939254114 0.6398962521593569 400
1749939298846 0.6374702031767598 401
1749939344072 0.6443313511840868 402
1749939389601 0.6443082847736351 403
1749939434637 0.6412290123935152 404
1749939480510 0.6371961529746866 405
1749939526083 0.643703947859486 406
1749939571601 0.6421969753820582 407
1749939617596 0.644385657899842 408
1749939662991 0.6392135595322895 409
1749939708657 0.6452896077062754 410
1749939753731 0.6420773261607 411
1749939799277 0.6404784208869619 412
1749939844748 0.6337023564806152 413
1749939890094 0.6446577518750749 414
1749939935373 0.6458127080997844 415
1749939980683 0.6421288124984887 416
1749940025803 0.643645940771771 417
1749940071814 0.6395137424582475 418
1749940116781 0.6395169660738841 419
1749940161851 0.6434867747482267 420
1749940207269 0.6428687680246508 421
1749940253235 0.6386403018227518 422
1749940298921 0.6467647149821387 423
1749940344960 0.6471509030804468 424
1749940389982 0.6459091389949879 425
1749940435673 0.6387570193455068 426
1749940481746 0.637850335345114 427
1749940527180 0.639902147115086 428
1749940572584 0.6443843165908263 429
1749940618178 0.6416522282897505 430
1749940663298 0.6371164569276123 431
1749940708378 0.6473921906750808 432
1749940753736 0.6429758585904171 433
1749940799028 0.6441033141332044 434
1749940844696 0.6410310649852754 435
1749940889890 0.644102447606859 436
1749940935471 0.6451378511873509 437
1749940980942 0.6435852229228634 438
1749941026440 0.6441984015234434 439
1749941071807 0.6401965408995028 440
1749941116670 0.642353173715044 441
1749941161891 0.6382388373905138 442
1749941206728 0.6427929006536677 443
1749941252293 0.6424531850580704 444
1749941298043 0.6393593241930496 445
1749941342671 0.6384148626355886 446
1749941388020 0.6415870815186219 447
1749941433852 0.6408610583975085 448
1749941479100 0.6358613125813388 449
1749941524620 0.6506963318350625 450
1749941569966 0.6478970062255287 451
1749941614913 0.6452705050047013 452
1749941661097 0.6427849509180692 453
1749941706229 0.645750538568891 454
1749941751974 0.6428309729394779 455
1749941797507 0.6383777655373155 456
1749941843003 0.6467163056756525 457
1749941888514 0.6404745066370358 458
1749941934015 0.642510802889921 459
1749941979696 0.6412796865587895 460
1749942025738 0.6385380126197188 461
1749942071386 0.6451011047286515 462
1749942117157 0.6436708581774815 463
1749942162938 0.6488349836716968 464
1749942208477 0.6454908341447995 465
1749942253716 0.6387790966037512 466
1749942299307 0.6436988238775517 467
1749942344850 0.6440861994861322 468
1749942389928 0.6384183318786255 469
1749942435385 0.6460647733502016 470
1749942481500 0.6383965072688577 471
1749942527293 0.6460913201045003 472
1749942572748 0.6403669788029115 473
1749942618453 0.6413012851828855 474
1749942663660 0.6432490329862589 475
1749942708744 0.6371592060696285 476
1749942754133 0.6410128401432101 477
1749942799013 0.638585580197365 478
1749942844711 0.6381854751823389 479
1749942890095 0.6406737992205767 480
1749942935307 0.6419108732242201 481
1749942982528 0.6459983732305665 482
1749943028620 0.6431720749249275 483
1749943073956 0.6362460666093941 484
1749943119269 0.6389168557223842 485
1749943164702 0.6365102408444975 486
1749943210073 0.641277580867737 487
1749943237220 0.6438511774907958 488
1749943260690 0.6451172961854236 489
1749943284097 0.6389054984923771 490
1749943307489 0.6450992387674146 491
1749943330950 0.6440055787661667 492
1749943354523 0.641935918204314 493
1749943377935 0.6389911534053004 494
1749943401378 0.638830343017716 495
1749943424813 0.6434090055112189 496
1749943448228 0.6365104383495139 497
1749943471656 0.6367692155162368 498
1749943495055 0.6407531908312879 499
1749921047814 1.808076208910044 0
